id_player,name_player,gp_calc,gp_nbastatr,poss_o_calc,poss_d_calc,poss_both_calc,mp_o_calc,mp_d_calc,mp_both_calc,mp_nbastatr,pts_o_calc,pts_d_calc,pp100poss_o_calc,pp100poss_d_calc,pm_calc,pm_nbastatr
201569,Eric Gordon,69,69,5095,5037,10132,1040.05,1110.98333333333,2151.03333333333,2153,5216,4634,102.374877330716,91.9992058765138,582,585
203496,Robert Covington,80,80,6064,6002,12066,1225.16666666667,1292.81666666667,2517.98333333333,2529,5871,5307,96.8172823218998,88.4205264911696,564,522
201935,James Harden,72,72,5902,5913,11815,1255.81666666667,1288.3,2544.11666666667,2549,6067,5524,102.795662487292,93.421275156435,543,522
200782,PJ Tucker,82,82,5303,5277,10580,1128.8,1151.08333333333,2279.88333333333,2281,5397,4877,101.772581557609,92.4199355694523,520,524
101108,Chris Paul,58,58,4222,4219,8441,914.983333333333,923.533333333333,1838.51666666667,1849,4427,3926,104.855518711511,93.0552263569566,501,499
201939,Stephen Curry,50,51,3888,3986,7874,742.016666666667,852.55,1594.56666666667,1630,4205,3740,108.15329218107,93.8283993978926,465,486
203954,Joel Embiid,63,63,4505,4512,9017,934.683333333333,969.816666666667,1904.5,1914,4435,3992,98.4461709211987,88.4751773049645,443,488
201942,DeMar DeRozan,80,80,6445,6384,12829,1357.38333333333,1353.88333333333,2711.26666666667,2708,6409,5979,99.4414274631497,93.656015037594,430,443
200768,Kyle Lowry,78,78,5911,5884,11795,1246.13333333333,1257.1,2503.23333333333,2509,5860,5440,99.137201827102,92.4541128484024,420,404
1627732,Ben Simmons,81,81,6566,6585,13151,1321.11666666667,1398.38333333333,2719.5,2736,6335,5923,96.4818763326226,89.9468488990129,412,390
201566,Russell Westbrook,80,80,7176,6771,13947,1383.51666666667,1516.41666666667,2899.93333333333,2917,6747,6352,94.0217391304348,93.8118446315168,395,384
202710,Jimmy Butler,59,59,4964,4887,9851,1125.4,1034.68333333333,2160.08333333333,2163,4954,4574,99.798549556809,93.5952527112748,380,365
203991,Clint Capela,74,74,4706,4656,9362,999.95,1024.8,2024.75,2035,4725,4347,100.403739906502,93.3634020618557,378,378
2772,Trevor Ariza,67,67,5318,5298,10616,1120.58333333333,1147.91666666667,2268.5,2270,5315,4943,99.943587814968,93.2993582483956,372,373
201950,Jrue Holiday,80,81,6865,6999,13864,1379.25,1504.9,2884.15,2926,6733,6365,98.0772032046613,90.9415630804401,368,320
1627832,Fred VanVleet,76,76,3520,3541,7061,741.066666666667,775.683333333333,1516.75,1520,3504,3136,99.5454545454546,88.5625529511438,368,353
1628378,Donovan Mitchell,79,79,6087,6011,12098,1343.03333333333,1286.43333333333,2629.46666666667,2639,5793,5431,95.1700344997536,90.3510231242722,362,359
1627783,Pascal Siakam,81,81,3901,3894,7795,823.533333333333,854.3,1677.83333333333,1673,3863,3518,99.0258907972315,90.3441191576785,345,304
1627759,Jaylen Brown,70,70,4947,4955,9902,1079.45,1070.16666666667,2149.61666666667,2155,4759,4416,96.1997170002022,89.1220988900101,343,341
203497,Rudy Gobert,56,56,4221,4138,8359,922.033333333333,885.1,1807.13333333333,1814,3975,3634,94.1719971570718,87.8202029966167,341,348
201143,Al Horford,72,72,5117,5191,10308,1141.3,1124.71666666667,2266.01666666667,2275,5003,4664,97.7721321086574,89.8478135234059,339,345
202691,Klay Thompson,72,73,5716,5947,11663,1161.06666666667,1293.98333333333,2455.05,2500,5810,5471,101.644506648006,91.995964351774,339,399
1626157,Karl-Anthony Towns,82,82,6725,6635,13360,1502.78333333333,1404.8,2907.58333333333,2922,6701,6362,99.6431226765799,95.8854559155991,339,375
201601,Luc Mbah a Moute,61,61,3570,3623,7193,763.45,798.583333333333,1562.03333333333,1563,3606,3275,101.008403361345,90.3947005244273,331,302
201142,Kevin Durant,67,68,5428,5624,11052,1083.93333333333,1202.08333333333,2286.01666666667,2329,5620,5295,103.537214443626,94.1500711237553,325,349
201586,Serge Ibaka,76,76,4918,4917,9835,1039.7,1044.96666666667,2084.66666666667,2094,4890,4567,99.4306628710858,92.8818385194224,323,310
203081,Damian Lillard,73,73,6293,6217,12510,1371.11666666667,1297.9,2669.01666666667,2672,6063,5741,96.3451453996504,92.3435740710954,322,347
203076,Anthony Davis,74,75,6386,6560,12946,1278.31666666667,1402.88333333333,2681.2,2729,6275,5954,98.2618227372377,90.7621951219512,321,299
1628369,Jayson Tatum,80,80,5514,5594,11108,1217.36666666667,1209.41666666667,2426.78333333333,2445,5291,4971,95.955749002539,88.863067572399,320,345
203500,Steven Adams,76,76,6132,5727,11859,1194.86666666667,1281.66666666667,2476.53333333333,2487,5700,5383,92.9549902152642,93.9933647634014,317,323
200755,JJ Redick,70,70,5103,5125,10228,1032.9,1076.06666666667,2108.96666666667,2114,4966,4654,97.3153047227121,90.809756097561,312,313
1628384,OG Anunoby,74,74,3452,3459,6911,737.283333333333,731.8,1469.08333333333,1481,3449,3137,99.9130938586327,90.6909511419486,312,294
203110,Draymond Green,69,70,5266,5485,10751,1051.16666666667,1194.36666666667,2245.53333333333,2286,5359,5056,101.766046334979,92.1786690975387,303,312
203506,Victor Oladipo,75,75,5859,5946,11805,1250.78333333333,1293.43333333333,2544.21666666667,2556,5698,5400,97.2520908004779,90.8173562058527,298,343
203999,Nikola Jokic,74,75,5602,5409,11011,1191.95,1189.86666666667,2381.81666666667,2442,5502,5204,98.2149232416994,96.2100203364763,298,356
200746,LaMarcus Aldridge,75,75,5676,5535,11211,1303.21666666667,1194.86666666667,2498.08333333333,2513,5367,5074,94.5560253699789,91.6711833785005,293,282
2546,Carmelo Anthony,78,78,6152,5771,11923,1205.93333333333,1288.43333333333,2494.36666666667,2503,5769,5485,93.7743823146944,95.0441864494888,284,271
1627751,Jakob Poeltl,82,82,3583,3534,7117,750.55,769.15,1519.7,1526,3524,3240,98.3533351939715,91.6808149405773,284,252
2403,Nene,52,52,1779,1791,3570,363.683333333333,395.133333333333,758.816666666667,759,1863,1589,104.721753794266,88.7213847012842,274,264
201959,Taj Gibson,82,82,6349,6280,12629,1411.35,1315.53333333333,2726.88333333333,2722,6268,5997,98.7242085367775,95.4936305732484,271,226
203967,Dario Saric,77,78,5505,5498,11003,1117.55,1180,2297.55,2310,5261,4995,95.5676657584014,90.8512186249545,266,290
203490,Otto Porter Jr.,77,77,5613,5617,11230,1213.98333333333,1206.81666666667,2420.8,2430,5447,5185,97.0425797256369,92.3090617767492,262,284
2738,Andre Iguodala,63,64,3731,3856,7587,773.183333333333,828.75,1601.93333333333,1628,3686,3432,98.7938890377915,89.0041493775934,254,277
204060,Joe Ingles,82,82,5902,5858,11760,1317.4,1244.58333333333,2561.98333333333,2580,5605,5352,94.9678075228736,91.3622396722431,253,276
101139,CJ Miles,70,70,3162,3147,6309,663,674.2,1337.2,1335,3065,2819,96.932321315623,89.5773752780426,246,274
201583,Ryan Anderson,66,66,4018,3958,7976,845.05,865.85,1710.9,1725,4033,3788,100.373320059731,95.7049014653866,245,250
201937,Ricky Rubio,77,77,5142,5093,10235,1150.13333333333,1094.3,2244.43333333333,2251,4845,4600,94.2240373395566,90.3200471235028,245,219
1626153,Delon Wright,69,69,3327,3328,6655,709.416666666667,715.333333333333,1424.75,1436,3235,3001,97.2347460174331,90.1742788461539,234,234
202681,Kyrie Irving,60,60,4453,4491,8944,965.966666666667,959.75,1925.71666666667,1932,4333,4108,97.3051875140355,91.4718325539969,225,257
2594,Kyle Korver,73,73,3666,3714,7380,764.766666666667,806.183333333333,1570.95,1574,3695,3471,100.791052918713,93.4571890145396,224,274
203460,Andre Roberson,39,39,2468,2325,4793,496.8,535.666666666667,1032.46666666667,1040,2239,2019,90.7212317666126,86.8387096774194,220,190
203952,Andrew Wiggins,82,82,6977,6873,13850,1545.03333333333,1437.65,2982.68333333333,2981,6825,6606,97.8214132148488,96.1152335224793,219,199
202329,Al-Farouq Aminu,69,69,4847,4820,9667,1054.33333333333,1008.88333333333,2063.21666666667,2071,4653,4435,95.9975242417991,92.0124481327801,218,223
203935,Marcus Smart,54,54,3742,3767,7509,813.366666666667,803.216666666667,1616.58333333333,1615,3543,3330,94.6819882415821,88.3992567029467,213,213
1626220,Royce O'Neale,69,69,2648,2617,5265,585.166666666667,563.05,1148.21666666667,1147,2513,2301,94.9018126888217,87.9251050821551,212,194
1627750,Jamal Murray,80,81,5860,5735,11595,1251.41666666667,1259.31666666667,2510.73333333333,2564,5825,5613,99.4027303754266,97.8727114210985,212,226
202685,Jonas Valanciunas,77,77,4049,4035,8084,865.716666666667,853.6,1719.31666666667,1724,3999,3796,98.7651271918993,94.0768277571252,203,228
201152,Thaddeus Young,81,81,5917,6009,11926,1282.31666666667,1316.76666666667,2599.08333333333,2606,5723,5527,96.7213114754098,91.9786986187386,196,220
202689,Kemba Walker,80,80,6515,6359,12874,1376.68333333333,1353.6,2730.28333333333,2739,6294,6098,96.6078280890253,95.8955810662054,196,201
202331,Paul George,79,79,7018,6722,13740,1385.03333333333,1498.26666666667,2883.3,2894,6536,6346,93.1319464234825,94.4064266587325,190,229
1627749,Dejounte Murray,81,81,3997,3920,7917,889.366666666667,839.483333333333,1728.85,1742,3644,3454,91.1683762822117,88.1122448979592,190,151
203482,Kelly Olynyk,75,76,3898,3891,7789,869.6,864.25,1733.85,1779,3817,3633,97.9220112878399,93.3693138010794,184,234
2585,Zaza Pachulia,68,69,2237,2272,4509,443.65,499.233333333333,942.883333333333,969,2336,2155,104.425569959768,94.8503521126761,181,196
203382,Aron Baynes,81,81,3323,3308,6631,733.616666666667,729.566666666667,1463.18333333333,1488,3061,2880,92.1155582305146,87.0616686819831,181,185
202734,E'Twaun Moore,81,82,6033,6200,12233,1219.31666666667,1328.58333333333,2547.9,2587,5914,5735,98.0275153323388,92.5,179,164
203089,John Henson,76,76,4482,4517,8999,941.783333333333,1014.48333333333,1956.26666666667,1968,4402,4228,98.215082552432,93.6019481957051,174,163
203078,Bradley Beal,82,82,6883,6943,13826,1490.43333333333,1477.6,2968.03333333333,2978,6597,6424,95.8448351009734,92.5248451677949,173,175
203937,Kyle Anderson,74,74,4488,4450,8938,1022.38333333333,948.383333333333,1970.76666666667,1979,4215,4042,93.9171122994652,90.8314606741573,173,138
203914,Gary Harris,67,67,5417,5329,10746,1147.83333333333,1150.53333333333,2298.36666666667,2304,5270,5102,97.2863208417944,95.7402889848001,168,172
1626145,Tyus Jones,82,82,3371,3318,6689,751.916666666667,705.516666666667,1457.43333333333,1465,3294,3136,97.715811331949,94.5147679324895,158,185
1628395,Jordan Bell,55,57,1889,1974,3863,390.483333333333,408.966666666667,799.45,811,1939,1786,102.646903123346,90.4761904761905,153,159
203507,Giannis Antetokounmpo,75,75,6282,6351,12633,1313.41666666667,1436.11666666667,2749.53333333333,2761,6118,5969,97.3893664438077,93.9851991812313,149,143
2733,Shaun Livingston,70,71,2540,2660,5200,530.133333333333,579.533333333333,1109.66666666667,1137,2510,2364,98.8188976377953,88.8721804511278,146,112
201952,Jeff Teague,70,70,5414,5353,10767,1194.96666666667,1114.15,2309.11666666667,2313,5327,5187,98.3930550424825,96.8989351765365,140,130
202324,Derrick Favors,77,77,4891,4840,9731,1105.93333333333,1038.71666666667,2144.65,2154,4612,4473,94.2956450623594,92.4173553719008,139,148
203962,Josh Huestis,69,69,2256,2222,4478,476.516666666667,491.933333333333,968.45,980,2154,2017,95.4787234042553,90.7740774077408,137,113
203994,Jusuf Nurkic,79,79,4870,4848,9718,1056.11666666667,1025.93333333333,2082.05,2090,4557,4423,93.5728952772074,91.233498349835,134,162
1626192,Pat Connaughton,82,82,3471,3420,6891,774.716666666667,712.416666666667,1487.13333333333,1494,3319,3187,95.6208585422069,93.187134502924,132,140
202339,Eric Bledsoe,74,74,5368,5461,10829,1109.61666666667,1203.85,2313.46666666667,2322,5262,5134,98.0253353204173,94.01208569859,128,123
202322,John Wall,41,41,3342,3370,6712,700.466666666667,703.683333333333,1404.15,1408,3237,3114,96.8581687612208,92.4035608308605,123,125
1626167,Myles Turner,65,65,4173,4242,8415,909.85,916.116666666667,1825.96666666667,1835,4036,3913,96.7169901749341,92.2442244224422,123,116
202703,Nikola Mirotic,55,55,3601,3620,7221,709.516666666667,781.483333333333,1491,1496,3511,3390,97.5006942515968,93.646408839779,121,149
201145,Jeff Green,78,78,4215,4334,8549,901.966666666667,922.433333333333,1824.4,1831,4171,4052,98.9561091340451,93.4933087217351,119,104
202326,DeMarcus Cousins,47,48,3959,3973,7932,835.016666666667,858.233333333333,1693.25,1739,3835,3716,96.8678959333165,93.5313365215203,119,95
1626172,Kevon Looney,66,66,2126,2157,4283,452.066666666667,456.85,908.916666666667,910,2121,2005,99.7648165569144,92.9531757070005,116,121
200794,Paul Millsap,37,38,2566,2571,5137,545.033333333333,550.633333333333,1095.66666666667,1143,2508,2394,97.7396726422447,93.1155192532089,114,96
201954,Darren Collison,69,69,4580,4682,9262,999.6,1011.28333333333,2010.88333333333,2019,4511,4397,98.4934497816594,93.912857753097,114,137
202334,Ed Davis,78,78,3381,3354,6735,767.35,701.766666666667,1469.11666666667,1470,3179,3065,94.0254362614611,91.3834227787716,114,89
203468,CJ McCollum,81,81,6811,6743,13554,1492.4,1419.36666666667,2911.76666666667,2925,6417,6303,94.2152400528557,93.4747145187602,114,123
203115,Will Barton,80,81,6265,6124,12389,1317.88333333333,1313.96666666667,2631.85,2681,5986,5880,95.5466879489226,96.0156760287394,106,124
201980,Danny Green,70,70,4051,4001,8052,934.316666666667,848.333333333333,1782.65,1792,3743,3638,92.3969390274006,90.9272681829543,105,89
1626179,Terry Rozier,80,80,4737,4761,9498,1054.18333333333,1011.2,2065.38333333333,2066,4396,4292,92.8013510660756,90.1491283343835,104,117
101112,Channing Frye,53,53,1591,1635,3226,335.866666666667,357.216666666667,693.083333333333,695,1622,1519,101.948460087995,92.9051987767584,103,114
101162,Marcin Gortat,82,82,4793,4807,9600,1043.93333333333,1025,2068.93333333333,2080,4556,4454,95.0552889630712,92.6565425421261,102,104
1627854,Bryn Forbes,80,80,3483,3440,6923,773.016666666667,738.3,1511.31666666667,1519,3293,3193,94.5449325294287,92.8197674418605,100,123
201988,Patty Mills,82,82,4845,4805,9650,1088.43333333333,1020.96666666667,2109.4,2109,4593,4494,94.7987616099071,93.5275754422477,99,112
202711,Bojan Bogdanovic,80,80,5619,5717,11336,1208.26666666667,1240.78333333333,2449.05,2463,5360,5264,95.3906389037195,92.076263774707,96,98
2734,Devin Harris,70,71,3018,3051,6069,674.25,636.35,1310.6,1338,2962,2867,98.1444665341286,93.9691904293674,95,104
203087,Jeremy Lamb,80,80,4669,4513,9182,1000.65,965.183333333333,1965.83333333333,1964,4453,4358,95.3737417005783,96.5654775094172,95,78
1628379,Luke Kennard,73,73,3301,3337,6638,725.45,732.15,1457.6,1468,3164,3070,95.849742502272,91.9988013185496,94,121
203526,Raul Neto,41,41,1153,1146,2299,251.683333333333,246.566666666667,498.25,502,1101,1010,95.4900260190807,88.1326352530541,91,119
101123,Gerald Green,41,41,2113,2135,4248,458.15,460,918.15,929,2061,1972,97.5390440132513,92.3653395784543,89,93
201961,Wayne Ellington,76,77,4511,4509,9020,1014.03333333333,988.966666666667,2003,2037,4273,4184,94.7240079804921,92.7921933909958,89,126
2730,Dwight Howard,81,81,5897,5735,11632,1237.36666666667,1217.7,2455.06666666667,2461,5579,5492,94.6074275055113,95.7628596338274,87,89
203107,Tomas Satoransky,73,73,3807,3790,7597,827.866666666667,810.683333333333,1638.55,1644,3616,3532,94.9829261886,93.1926121372032,84,76
101107,Marvin Williams,78,78,4783,4701,9484,1006.13333333333,989.966666666667,1996.1,2008,4532,4449,94.7522475433828,94.639438417358,83,67
2544,LeBron James,82,82,7021,7094,14115,1514.26666666667,1508.35,3022.61666666667,3024,7097,7015,101.082466885059,98.8863828587539,82,108
203894,Shabazz Napier,74,74,3517,3515,7032,794.116666666667,740.566666666667,1534.68333333333,1534,3312,3233,94.1711686096105,91.977240398293,79,84
200757,Thabo Sefolosha,38,38,1811,1840,3651,405.566666666667,402.766666666667,808.333333333333,808,1754,1676,96.8525676421866,91.0869565217391,78,58
202722,Davis Bertans,77,77,2466,2487,4953,538.5,538.05,1076.55,1085,2338,2262,94.8094079480941,90.9529553679132,76,89
201163,Wilson Chandler,73,74,5367,5298,10665,1152.81666666667,1140.41666666667,2293.23333333333,2346,5164,5093,96.2176262343954,96.1306153265383,71,59
203077,Michael Kidd-Gilchrist,74,74,4406,4294,8700,927.566666666667,914.916666666667,1842.48333333333,1851,4176,4106,94.7798456650023,95.6217978574755,70,48
203114,Khris Middleton,82,82,6795,6908,13703,1430.18333333333,1541.75,2971.93333333333,2980,6665,6596,98.0868285504047,95.4834973943254,69,94
204038,Langston Galloway,58,58,1972,1963,3935,423.8,436.1,859.9,865,1799,1730,91.2271805273834,88.1304126337239,69,74
203512,Lucas Nogueira,49,49,933,986,1919,202.116666666667,214.783333333333,416.9,416,916,852,98.1779206859593,86.4097363083164,64,88
204020,Tyler Johnson,71,72,4641,4634,9275,1023.55,999.916666666667,2023.46666666667,2052,4360,4296,93.9452704158587,92.7060854553302,64,47
1626196,Josh Richardson,80,81,6051,6011,12062,1337.58333333333,1298.86666666667,2636.45,2689,5613,5551,92.7615270203272,92.3473631675262,62,43
201933,Blake Griffin,58,58,4618,4624,9242,991.566666666667,972.9,1964.46666666667,1969,4382,4322,94.889562581204,93.4688581314879,60,60
1938,Manu Ginobili,65,65,3034,3017,6051,671.716666666667,632.916666666667,1304.63333333333,1297,2888,2829,95.1878707976269,93.7686443486908,59,73
200765,Rajon Rondo,65,65,4094,4209,8303,816.55,881.466666666667,1698.01666666667,1704,3946,3887,96.3849535906204,92.3497267759563,59,17
201580,JaVale McGee,64,65,1458,1468,2926,291.233333333333,310.033333333333,601.266666666667,614,1427,1370,97.8737997256516,93.3242506811989,57,39
201567,Kevin Love,59,59,3809,3805,7614,832.166666666667,812.033333333333,1644.2,1654,3823,3767,100.367550538199,99.0013140604468,56,79
201956,Omri Casspi,53,53,1745,1810,3555,356.633333333333,380.216666666667,736.85,743,1685,1630,96.5616045845272,90.0552486187845,55,54
1627734,Domantas Sabonis,74,74,4188,4179,8367,893.7,915.95,1809.65,1807,3945,3891,94.1977077363897,93.1083991385499,54,37
1626149,Montrezl Harrell,76,76,3113,3154,6267,621.066666666667,671.766666666667,1292.83333333333,1297,3026,2973,97.2052682300032,94.2612555485098,53,56
1626155,Sam Dekker,73,73,2110,2153,4263,425.183333333333,456.116666666667,881.3,881,2021,1968,95.781990521327,91.4073385973061,53,61
201973,Jonas Jerebko,74,74,2566,2556,5122,571.4,552.683333333333,1124.08333333333,1131,2431,2380,94.7388932190179,93.114241001565,51,56
101181,Jose Calderon,57,57,2019,2064,4083,456.15,447.133333333333,903.283333333333,915,2052,2004,101.634472511144,97.093023255814,48,67
203957,Dante Exum,14,14,544,559,1103,114.583333333333,119.216666666667,233.8,234,532,484,97.7941176470588,86.5831842576029,48,32
1626224,Cedi Osman,59,61,1579,1560,3139,331.583333333333,332.533333333333,664.116666666667,669,1566,1518,99.1766941101963,97.3076923076923,48,35
1626246,Boban Marjanovic,37,39,812,783,1595,166,169.75,335.75,336,793,745,97.6600985221675,95.14687100894,48,55
101150,Lou Williams,79,79,6251,6277,12528,1265.88333333333,1317.31666666667,2583.2,2591,6116,6070,97.8403455447129,96.7022462960013,46,120
201148,Brandan Wright,28,28,876,878,1754,192.3,187.25,379.55,380,806,761,92.0091324200913,86.6742596810934,45,42
203485,Lorenzo Brown,13,14,301,302,603,66.3666666666667,70.75,137.116666666667,139,293,249,97.3421926910299,82.4503311258278,44,46
1626159,Justise Winslow,67,68,3791,3785,7576,834.4,822.383333333333,1656.78333333333,1680,3488,3444,92.0073859140069,90.9907529722589,44,25
202327,Ekpe Udoh,63,63,1809,1845,3654,402.983333333333,403.35,806.333333333333,810,1733,1691,95.7987838584854,91.6531165311653,42,61
1627885,Shaquille Harrison,23,23,931,918,1849,185.933333333333,197.383333333333,383.316666666667,387,903,861,96.9924812030075,93.7908496732026,42,47
2561,David West,72,73,2170,2279,4449,473.65,502.35,976,1001,2023,1982,93.2258064516129,86.9679684071961,41,37
1628401,Derrick White,17,17,330,346,676,67.3333333333333,69.4833333333333,136.816666666667,138,306,266,92.7272727272727,76.878612716763,40,31
202933,Julyan Stone,23,23,411,406,817,83.8166666666667,87.7333333333333,171.55,176,407,368,99.0267639902676,90.6403940886699,39,38
1628380,Zach Collins,66,66,2365,2353,4718,545.833333333333,494.266666666667,1040.1,1045,2267,2228,95.8562367864693,94.6876328091798,39,16
1628462,Milos Teodosic,45,45,2681,2726,5407,550.666666666667,580.383333333333,1131.05,1136,2617,2578,97.6128310331966,94.5707997065297,39,87
203121,Darius Miller,81,82,4545,4676,9221,929.65,994.416666666667,1924.06666666667,1947,4461,4423,98.1518151815182,94.5893926432849,38,-17
1627812,Yogi Ferrell,82,82,5102,5177,10279,1162.31666666667,1113.81666666667,2276.13333333333,2282,4810,4772,94.2767542140337,92.1769364496813,38,3
101141,Ersan Ilyasova,69,69,4066,4106,8172,851.85,871.133333333333,1722.98333333333,1730,3847,3810,94.6138711264142,92.7910375060887,37,19
201976,Patrick Beverley,11,11,772,746,1518,166.916666666667,163.616666666667,330.533333333333,333,731,694,94.6891191709845,93.029490616622,37,26
203109,Jae Crowder,80,80,4835,4875,9710,1043.53333333333,1038.58333333333,2082.11666666667,2096,4677,4640,96.7321613236815,95.1794871794872,37,27
1627758,Ron Baker,29,29,892,901,1793,190.966666666667,190.433333333333,381.4,385,851,814,95.4035874439462,90.3440621531631,37,16
2200,Pau Gasol,77,77,4103,4108,8211,928.7,877.4,1806.1,1814,3726,3691,90.8116012673653,89.8490749756573,35,62
202693,Markieff Morris,73,73,4499,4525,9024,986.433333333333,970.683333333333,1957.11666666667,1966,4286,4252,95.265614581018,93.9668508287293,34,24
1628393,Jawun Evans,48,48,1864,1898,3762,370.05,404.466666666667,774.516666666667,778,1782,1749,95.6008583690987,92.1496311907271,33,16
202697,Iman Shumpert,14,14,648,662,1310,138.45,134.6,273.05,277,625,593,96.4506172839506,89.5770392749245,32,29
101161,Amir Johnson,74,74,2812,2805,5617,567.583333333333,601.3,1168.88333333333,1173,2580,2549,91.7496443812233,90.873440285205,31,9
201156,Nick Young,79,80,3222,3328,6550,672.333333333333,704.45,1376.78333333333,1390,3139,3108,97.4239602731223,93.3894230769231,31,45
200752,Rudy Gay,57,57,2858,2795,5653,639.066666666667,592.933333333333,1232,1236,2633,2603,92.1273617914626,93.1305903398927,30,81
201229,Anthony Tolliver,79,79,4023,4021,8044,871.733333333333,879.4,1751.13333333333,1759,3805,3775,94.5811583395476,93.8821188759015,30,28
203186,Willie Reed,41,42,1040,1032,2072,210.216666666667,217.65,427.866666666667,428,992,962,95.3846153846154,93.2170542635659,30,16
1891,Jason Terry,50,51,1874,1867,3741,400.833333333333,409.216666666667,810.05,813,1795,1766,95.7844183564568,94.5902517407606,29,21
201609,Goran Dragic,74,75,5368,5359,10727,1174.35,1146.58333333333,2320.93333333333,2376,4993,4964,93.0141579731744,92.6292218697518,29,21
202397,Ish Smith,82,82,4719,4713,9432,1008.91666666667,1027.08333333333,2036,2044,4462,4433,94.5539309175673,94.0589857840017,29,43
1628409,Alec Peters,20,20,545,519,1064,109.883333333333,112.75,222.633333333333,224,528,499,96.8807339449541,96.1464354527939,29,35
203924,Jerami Grant,81,81,3851,3826,7677,799.533333333333,844.116666666667,1643.65,1647,3580,3553,92.9628667878473,92.8646105593309,27,19
202704,Reggie Jackson,45,45,2778,2716,5494,611.65,582.566666666667,1194.21666666667,1201,2593,2567,93.3405327573794,94.5139911634757,26,18
1626177,Dakari Johnson,28,31,361,356,717,74.8166666666667,81.0166666666667,155.833333333333,163,320,294,88.6426592797784,82.5842696629213,26,32
2863,Damien Wilkins,19,19,364,349,713,79.7833333333333,70.0333333333333,149.816666666667,152,348,323,95.6043956043956,92.5501432664757,25,27
1627826,Ivica Zubac,43,43,974,978,1952,195.133333333333,212.366666666667,407.5,411,871,846,89.4250513347023,86.5030674846626,25,40
203518,Alex Abrines,74,75,2687,2614,5301,549.783333333333,581.583333333333,1131.36666666667,1134,2497,2473,92.9289170078154,94.6059678653405,24,39
203585,Rodney McGruder,17,18,678,655,1333,145.416666666667,143.116666666667,288.533333333333,300,655,631,96.6076696165192,96.3358778625954,24,32
201936,Tyreke Evans,52,52,3653,3655,7308,819.116666666667,784.25,1603.36666666667,1609,3410,3387,93.3479332055845,92.6675786593707,23,27
1626257,Salah Mejri,61,61,1637,1662,3299,375.983333333333,353.766666666667,729.75,731,1552,1529,94.8075748320098,91.9975932611312,23,20
1626204,Larry Nance Jr.,66,66,3411,3400,6811,683.916666666667,737.8,1421.71666666667,1422,3135,3113,91.9085312225154,91.5588235294118,22,19
203469,Cody Zeller,33,33,1502,1429,2931,316.25,310.983333333333,627.233333333333,627,1397,1377,93.0093209054594,96.3610916724983,20,23
203499,Shane Larkin,54,54,1741,1751,3492,390.933333333333,377.216666666667,768.15,776,1558,1539,89.488799540494,87.8926327812679,19,12
1628492,Gian Clavell,7,7,153,149,302,32.4166666666667,33.5666666666667,65.9833333333333,65,150,131,98.0392156862745,87.9194630872483,19,19
2548,Dwyane Wade,67,67,3643,3625,7268,768.133333333333,770.683333333333,1538.81666666667,1537,3427,3409,94.0708207521274,94.0413793103448,18,23
203090,Maurice Harkless,59,59,2928,2919,5847,651.6,606.766666666667,1258.36666666667,1267,2734,2716,93.3743169398907,93.0455635491607,18,10
1628365,Markelle Fultz,14,14,619,644,1263,124.933333333333,127.9,252.833333333333,252,569,551,91.9224555735057,85.5590062111801,18,20
1628444,Jabari Bird,13,13,272,271,543,58.0666666666667,55.3833333333333,113.45,115,265,247,97.4264705882353,91.1439114391144,18,18
1628475,Matt Williams Jr.,3,3,25,24,49,5.18333333333333,5.4,10.5833333333333,11,31,13,124,54.1666666666667,18,16
101133,Ian Mahinmi,77,77,2684,2645,5329,576.033333333333,568.133333333333,1144.16666666667,1147,2488,2471,92.6974664679583,93.421550094518,17,14
201281,Andre Ingram,2,2,152,156,308,30.1166666666667,34.1,64.2166666666667,64,155,138,101.973684210526,88.4615384615385,17,20
1627852,Nicolas Brussino,3,4,23,21,44,4.81666666666667,4.95,9.76666666666667,10,25,8,108.695652173913,38.0952380952381,17,17
1627856,Matt Costello,4,4,69,72,141,15.6333333333333,16.0166666666667,31.65,33,81,64,117.391304347826,88.8888888888889,17,15
1627863,Danuel House Jr.,23,23,948,942,1890,203.05,198.816666666667,401.866666666667,402,899,882,94.831223628692,93.6305732484077,17,19
201949,James Johnson,72,73,4347,4393,8740,952.866666666667,938.516666666667,1891.38333333333,1946,4077,4061,93.7888198757764,92.4425221944002,16,0
202695,Kawhi Leonard,9,9,472,477,949,107.616666666667,101.516666666667,209.133333333333,211,427,412,90.4661016949153,86.3731656184486,15,17
203505,Vander Blue,5,5,105,97,202,21.0666666666667,23.7333333333333,44.8,45,98,83,93.3333333333333,85.5670103092784,15,15
201587,Nicolas Batum,64,64,4738,4631,9369,990.9,984.533333333333,1975.43333333333,1984,4511,4497,95.2089489235965,97.1064564888793,14,5
203546,Ian Clark,73,74,3354,3466,6820,685.4,738.6,1424,1455,3246,3232,96.7799642218247,93.2487016733987,14,26
203939,Dwight Powell,79,79,3737,3765,7502,849.216666666667,812.866666666667,1662.08333333333,1670,3578,3564,95.7452502006958,94.6613545816733,14,6
203481,Jeff Withey,8,10,89,82,171,17.8166666666667,17.35,35.1666666666667,39,79,66,88.7640449438202,80.4878048780488,13,21
1628451,Jacob Wiley,5,5,83,73,156,16.5,15.8833333333333,32.3833333333333,33,68,55,81.9277108433735,75.3424657534247,13,13
203493,Reggie Bullock,62,62,4035,4008,8043,872.65,854.6,1727.25,1731,3806,3794,94.3246592317224,94.6606786427146,12,21
201578,Marreese Speights,50,52,1541,1592,3133,340.583333333333,331.066666666667,671.65,674,1463,1452,94.9383517196626,91.2060301507538,11,14
204179,Omari Johnson,4,4,176,170,346,38.3166666666667,36.25,74.5666666666667,75,192,181,109.090909090909,106.470588235294,11,10
1626199,Darrun Hilliard,14,14,214,214,428,46.8333333333333,46.2666666666667,93.1,95,223,213,104.205607476636,99.5327102803738,10,10
1627780,Gary Payton II,23,23,527,523,1050,101.933333333333,116.75,218.683333333333,218,502,492,95.2561669829222,94.0726577437859,10,12
1628421,Devin Robinson,1,1,39,30,69,6.61666666666667,6.46666666666667,13.0833333333333,13,33,23,84.6153846153846,76.6666666666667,10,10
1628502,Nigel Hayes,9,9,272,266,538,61.55,59.95,121.5,123,235,225,86.3970588235294,84.5864661654136,10,9
1626259,Malcolm Miller,14,15,303,286,589,65.8666666666667,57.95,123.816666666667,128,274,265,90.4290429042904,92.6573426573426,9,7
204001,Kristaps Porzingis,48,48,3627,3612,7239,782.15,765.366666666667,1547.51666666667,1552,3369,3361,92.8866832092639,93.0509413067553,8,14
1627779,Marcus Paige,5,5,65,59,124,13.7,13.25,26.95,27,69,61,106.153846153846,103.389830508475,8,8
201568,Danilo Gallinari,21,21,1551,1531,3082,337.666666666667,327.6,665.266666666667,670,1430,1423,92.1985815602837,92.9457870672763,7,11
203092,Tyler Zeller,66,66,2629,2581,5210,556.4,546.983333333333,1103.38333333333,1112,2461,2454,93.6097375427919,95.0794265788454,7,26
203920,Khem Birch,42,42,1343,1313,2656,294.066666666667,282.85,576.916666666667,582,1242,1235,92.4795234549516,94.0594059405941,7,8
1626168,Trey Lyles,73,73,3297,3197,6494,705.383333333333,684.216666666667,1389.6,1389,3118,3111,94.570821959357,97.309978104473,7,10
2731,Emeka Okafor,26,26,859,891,1750,167.333333333333,182.883333333333,350.216666666667,352,790,784,91.9674039580908,87.9910213243547,6,0
1627735,Wade Baldwin IV,7,7,182,177,359,39.3833333333333,40.8666666666667,80.25,81,176,170,96.7032967032967,96.045197740113,6,5
1627936,Alex Caruso,37,37,1336,1348,2684,266.116666666667,293.966666666667,560.083333333333,562,1227,1221,91.8413173652695,90.5786350148368,6,-3
1626205,Vincent Hunter,4,4,24,15,39,3.86666666666667,3.43333333333333,7.3,7,20,15,83.3333333333333,100,5,6
202779,Dwight Buycks,29,29,959,964,1923,215.15,212.766666666667,427.916666666667,426,885,881,92.2836287799791,91.3900414937759,4,4
203705,Josh Magette,18,18,494,487,981,107.966666666667,107.316666666667,215.283333333333,216,473,469,95.748987854251,96.3039014373717,4,7
204037,Travis Wear,17,17,517,532,1049,103.85,121.866666666667,225.716666666667,229,498,494,96.3249516441006,92.8571428571429,4,11
2570,Kendrick Perkins,1,1,34,34,68,6.86666666666667,7.6,14.4666666666667,15,39,36,114.705882352941,105.882352941176,3,3
202330,Gordon Hayward,1,1,13,12,25,2.61666666666667,2.63333333333333,5.25,5,12,9,92.3076923076923,75,3,3
203489,Nate Wolters,5,5,43,37,80,9,8.66666666666667,17.6666666666667,19,39,36,90.6976744186047,97.2972972972973,3,3
1626148,Anthony Brown,1,1,9,10,19,1.35,2.05,3.4,4,12,9,133.333333333333,90,3,3
1626780,Jonathan Gibson,4,4,93,95,188,20.0666666666667,18.8833333333333,38.95,40,100,97,107.52688172043,102.105263157895,3,-1
1628383,Justin Patton,1,1,9,10,19,1.35,2.05,3.4,4,12,9,133.333333333333,90,3,3
1628396,Tony Bradley,9,9,69,66,135,13.8,14.3333333333333,28.1333333333333,29,63,60,91.304347826087,90.9090909090909,3,1
1628464,Daniel Theis,63,63,2180,2188,4368,475.816666666667,468.316666666667,944.133333333333,934,1987,1984,91.1467889908257,90.6764168190128,3,1
1628493,Mangok Mathiang,4,4,51,45,96,10.5333333333333,9.03333333333333,19.5666666666667,19,43,40,84.3137254901961,88.8888888888889,3,1
202705,MarShon Brooks,7,7,470,440,910,101.8,90.15,191.95,193,459,457,97.6595744680851,103.863636363636,2,10
202713,Kyle Singler,11,12,126,120,246,26.6,27.65,54.25,60,107,105,84.9206349206349,87.5,2,-1
203922,Glenn Robinson III,23,23,789,773,1562,174.366666666667,163.25,337.616666666667,339,723,721,91.6349809885932,93.2729624838292,2,-1
204067,Jarell Eddie,3,3,20,16,36,4.5,3.88333333333333,8.38333333333333,9,19,17,95,106.25,2,1
1626210,Alan Williams,5,5,159,164,323,35.6333333333333,34.45,70.0833333333334,71,132,130,83.0188679245283,79.2682926829268,2,1
1628513,Naz Mitrou-Long,1,1,1,2,3,0.233333333333333,0.25,0.483333333333333,1,3,1,300,50,2,5
202720,Jon Leuer,8,8,322,323,645,66.9,69.2833333333333,136.183333333333,136,285,284,88.5093167701863,87.9256965944273,1,12
202918,Xavier Silas,2,2,21,18,39,3.15,4.03333333333333,7.18333333333333,7,18,17,85.7142857142857,94.4444444444444,1,1
201177,Josh McRoberts,2,2,12,12,24,2.96666666666667,2.7,5.66666666666667,6,12,12,100,100,0,0
203590,Trey McKinney-Jones,1,1,3,3,6,0.783333333333333,0.416666666666667,1.2,1,4,4,133.333333333333,133.333333333333,0,0
1626154,RJ Hunter,5,5,101,102,203,21.1833333333333,22.25,43.4333333333333,45,89,89,88.1188118811881,87.2549019607843,0,1
1626195,Willy Hernangomez,48,48,1172,1140,2312,242.916666666667,244.333333333333,487.25,494,1079,1079,92.0648464163822,94.6491228070176,0,-1
1626643,Jacob Pullen,3,3,14,17,31,2.56666666666667,2.83333333333333,5.4,7,10,10,71.4285714285714,58.8235294117647,0,0
1627851,Mindaugas Kuzminskas,1,1,4,3,7,1,0.75,1.75,2,0,0,0,0,0,0
201149,Joakim Noah,7,7,100,89,189,19.55,20.0666666666667,39.6166666666667,41,74,75,74,84.2696629213483,-1,0
203949,James Michael McAdoo,3,3,41,44,85,9.3,8.28333333333333,17.5833333333333,18,38,39,92.6829268292683,88.6363636363637,-1,1
203998,Bruno Caboclo,12,12,240,233,473,52.9666666666667,52.15,105.116666666667,107,213,214,88.75,91.8454935622318,-1,11
1627824,Guerschon Yabusele,32,33,552,535,1087,117.566666666667,112.5,230.066666666667,237,503,504,91.1231884057971,94.2056074766355,-1,-7
1627866,Jameel Warney,3,3,63,58,121,14.35,12.2333333333333,26.5833333333333,27,59,60,93.6507936507937,103.448275862069,-1,-5
202682,Derrick Williams,2,2,24,20,44,4.43333333333333,4.25,8.68333333333333,8,10,12,41.6666666666667,60,-2,-5
203464,Brandon Paul,62,64,1335,1344,2679,286.533333333333,283.35,569.883333333334,572,1205,1207,90.2621722846442,89.8065476190476,-2,-11
203960,JaKarr Sampson,22,22,777,776,1553,173.65,170.5,344.15,345,684,686,88.030888030888,88.4020618556701,-2,1
1627850,Marshall Plumlee,8,8,125,129,254,26.2666666666667,24.85,51.1166666666667,52,103,105,82.4,81.3953488372093,-2,-1
1627855,Okaro White,5,6,179,180,359,40.4166666666667,38.65,79.0666666666667,80,164,166,91.6201117318436,92.2222222222222,-2,-1
1628449,Chris Boucher,1,1,2,2,4,0.516666666666667,0.433333333333333,0.95,1,0,2,0,100,-2,-2
202344,Trevor Booker,68,68,2748,2736,5484,589.383333333333,568.566666666667,1157.95,1164,2585,2588,94.0684133915575,94.5906432748538,-3,-28
1628408,PJ Dozier,2,2,6,9,15,1.38333333333333,1.7,3.08333333333333,3,4,7,66.6666666666667,77.7777777777778,-3,-3
1628470,Torrey Craig,38,39,1453,1431,2884,312.716666666667,306.283333333333,619,628,1417,1420,97.5223675154852,99.2313067784766,-3,-61
1626242,Luis Montero,2,2,17,16,33,3.83333333333333,3.73333333333333,7.56666666666667,7,12,16,70.5882352941177,100,-4,-5
1628469,Antonio Blakeney,19,19,746,730,1476,146.566666666667,166.933333333333,313.5,313,710,714,95.1742627345845,97.8082191780822,-4,-6
201144,Mike Conley,12,12,815,853,1668,186.416666666667,185.283333333333,371.7,374,766,771,93.9877300613497,90.3868698710434,-5,-16
202332,Cole Aldrich,21,21,119,115,234,22.7666666666667,21.9,44.6666666666667,51,112,117,94.1176470588235,101.739130434783,-5,-2
202379,Jeremy Evans,1,1,15,15,30,2.66666666666667,2.65,5.31666666666667,5,12,17,80,113.333333333333,-5,-4
203687,Reggie Hearn,3,3,17,18,35,3.25,3.06666666666667,6.31666666666667,7,10,15,58.8235294117647,83.3333333333333,-5,-5
203966,Jamil Wilson,15,15,627,633,1260,130.266666666667,142.3,272.566666666667,274,584,589,93.1419457735247,93.0489731437599,-5,5
1627745,Damian Jones,15,15,195,214,409,44.9166666666667,42.7333333333333,87.65,89,186,191,95.3846153846154,89.2523364485981,-5,0
2555,Nick Collison,14,15,170,167,337,37.8,36.35,74.15,75,151,157,88.8235294117647,94.0119760479042,-6,-5
200826,J.J. Barea,69,69,3583,3640,7223,827.333333333333,773.7,1601.03333333333,1608,3498,3504,97.6276862963997,96.2637362637363,-6,18
201162,Jared Dudley,48,48,1631,1624,3255,327.933333333333,359.416666666667,687.35,689,1539,1545,94.3592887798896,95.1354679802956,-6,3
1628399,Tyler Lydon,1,1,5,5,10,1.23333333333333,0.916666666666667,2.15,2,3,9,60,180,-6,-6
1628410,Edmond Sumner,1,1,4,6,10,1,0.916666666666667,1.91666666666667,2,2,8,50,133.333333333333,-6,-6
1628571,Erik McCree,4,4,18,20,38,3.46666666666667,4.18333333333333,7.65,8,17,23,94.4444444444444,115,-6,-9
1962937798,,1,,20,16,36,4.65,3.53333333333333,8.18333333333333,,14,20,70,125,-6,
2736,Luol Deng,1,1,34,37,71,5.91666666666667,7.16666666666667,13.0833333333333,13,26,33,76.4705882352941,89.1891891891892,-7,-7
202694,Marcus Morris,54,54,3351,3347,6698,731.35,707.016666666667,1438.36666666667,1441,3117,3124,93.0170098478066,93.3373170002988,-7,23
203477,Isaiah Canaan,20,20,965,964,1929,210.833333333333,210.683333333333,421.516666666667,423,934,941,96.7875647668394,97.6141078838174,-7,23
1628403,Caleb Swanigan,27,27,448,428,876,97.2,91.5,188.7,192,382,389,85.2678571428571,90.8878504672897,-7,-11
1628407,Dwayne Bacon,53,53,1699,1681,3380,357.05,351.183333333333,708.233333333333,711,1578,1585,92.8781636256622,94.2891136228435,-7,13
1628420,Monte Morris,3,3,59,60,119,12.4333333333333,12.8333333333333,25.2666666666667,26,55,62,93.2203389830508,103.333333333333,-7,-7
1628935,Aaron Jackson,1,1,76,77,153,17.0833333333333,18.55,35.6333333333333,35,61,68,80.2631578947368,88.3116883116883,-7,-10
202391,Jeremy Lin,1,1,70,72,142,13.0666666666667,12.1333333333333,25.2,25,67,75,95.7142857142857,104.166666666667,-8,-6
203961,Eric Moreland,67,67,1791,1828,3619,399.733333333333,406.516666666667,806.25,807,1629,1637,90.9547738693467,89.5514223194748,-8,3
1627778,Chinanu Onuaku,1,1,44,47,91,9.53333333333333,11.3333333333333,20.8666666666667,22,32,40,72.7272727272727,85.1063829787234,-8,-8
1626191,Chris McCullough,19,19,225,218,443,45.0333333333333,42.35,87.3833333333333,91,208,217,92.4444444444445,99.5412844036697,-9,-16
1627823,Juancho Hernangomez,25,25,664,630,1294,138.633333333333,134.883333333333,273.516666666667,278,614,623,92.4698795180723,98.8888888888889,-9,-24
2617,Udonis Haslem,14,14,154,158,312,36.2,35.7666666666667,71.9666666666667,71,129,139,83.7662337662338,87.9746835443038,-10,-4
1627785,Isaiah Whitehead,16,16,434,420,854,88.9833333333333,88.0666666666667,177.05,181,372,382,85.7142857142857,90.9523809523809,-10,-5
1627817,Tim Quarterman,3,3,33,32,65,7.13333333333333,5.26666666666667,12.4,13,17,27,51.5151515151515,84.375,-10,-10
1628503,Jamel Artis,15,15,647,628,1275,138.45,138.733333333333,277.183333333333,279,580,590,89.644513137558,93.9490445859873,-10,-6
2746,Josh Smith,3,3,31,28,59,5.38333333333333,6.25,11.6333333333333,12,18,29,58.0645161290323,103.571428571429,-11,-10
2754,Tony Allen,21,22,628,665,1293,128.8,137.45,266.25,271,583,594,92.8343949044586,89.3233082706767,-11,-5
204065,David Stockton,3,3,21,20,41,4.23333333333333,3.9,8.13333333333333,9,17,28,80.952380952381,140,-11,-11
1627740,Henry Ellenson,37,38,744,759,1503,157.633333333333,168.383333333333,326.016666666667,326,665,676,89.3817204301075,89.064558629776,-11,-5
1628035,Alfonzo McKinnie,13,14,115,138,253,23.4166666666667,27.9666666666667,51.3833333333333,54,122,133,106.086956521739,96.3768115942029,-11,-14
1628418,Thomas Bryant,15,15,167,173,340,34.55,36.5666666666667,71.1166666666667,71,156,167,93.4131736526946,96.5317919075144,-11,-9
202357,Nemanja Bjelica,67,67,3176,3165,6341,701.583333333333,658.483333333333,1360.06666666667,1372,3053,3065,96.1272040302267,96.8404423380727,-12,15
203816,Scotty Hopson,1,1,25,22,47,4.35,3.9,8.25,8,17,29,68,131.818181818182,-12,-8
1627820,Tyrone Wallace,29,30,2073,2088,4161,412.683333333333,432.8,845.483333333333,850,1947,1959,93.9218523878437,93.8218390804598,-12,-24
204022,Jack Cooley,7,7,207,199,406,45.35,42.0833333333333,87.4333333333333,87,166,179,80.1932367149759,89.9497487437186,-13,-3
1627772,Daniel Hamilton,6,6,58,65,123,13.3,13.5833333333333,26.8833333333333,29,45,58,77.5862068965517,89.2307692307692,-13,-12
1627777,Georges Niang,9,9,72,78,150,14.2166666666667,15.7166666666667,29.9333333333333,33,61,74,84.7222222222222,94.8717948717949,-13,-13
1628429,Charles Cooke,12,13,94,88,182,19.4666666666667,16.45,35.9166666666667,38,73,86,77.6595744680851,97.7272727272727,-13,-9
203710,C.J. Williams,38,38,1672,1678,3350,348.766666666667,355.266666666667,704.033333333333,704,1563,1577,93.4808612440191,93.9809296781883,-14,-33
1627834,Georgios Papagiannis,17,17,290,276,566,58.8,60.7666666666667,119.566666666667,122,281,295,96.8965517241379,106.884057971015,-14,-2
1628443,Kadeem Allen,14,18,256,240,496,52.8666666666667,51.3166666666667,104.183333333333,106,214,228,83.59375,95,-14,-18
203580,Larry Drew II,10,10,150,155,305,34.1,34.45,68.55,69,143,158,95.3333333333333,101.935483870968,-15,-13
203940,Adreian Payne,5,5,102,94,196,20.75,21.0166666666667,41.7666666666667,43,89,104,87.2549019607843,110.63829787234,-15,-13
204098,Xavier Munford,6,6,47,47,94,10.05,9.45,19.5,22,37,52,78.7234042553192,110.63829787234,-15,-12
1627762,Joel Bolomboy,6,6,92,83,175,20.1666666666667,16.85,37.0166666666667,37,64,79,69.5652173913044,95.1807228915663,-15,-13
1628500,Ben Moore,2,2,24,23,47,5.25,4.03333333333333,9.28333333333333,9,20,35,83.3333333333333,152.173913043478,-15,-15
203900,Markel Brown,4,4,65,76,141,14.4833333333333,15.55,30.0333333333333,31,59,75,90.7692307692308,98.6842105263158,-16,-17
1626181,Norman Powell,70,70,2450,2487,4937,515.55,538.983333333333,1054.53333333333,1061,2318,2334,94.6122448979592,93.8480096501809,-16,-15
1627736,Malik Beasley,61,62,1409,1398,2807,289.066666666667,290.666666666667,579.733333333333,583,1308,1324,92.8317955997161,94.7067238912732,-16,-29
1628366,Lonzo Ball,52,52,4346,4305,8651,845.983333333333,927.066666666667,1773.05,1781,3984,4000,91.6705016106765,92.9152148664344,-16,-19
1628387,Ike Anigbogu,11,11,73,76,149,14.7833333333333,13.85,28.6333333333333,30,68,84,93.1506849315068,110.526315789474,-16,-14
202348,Jordan Crawford,4,5,77,79,156,14.35,13.65,28,54,71,88,92.2077922077922,111.392405063291,-17,-19
203898,Tyler Ennis,54,54,1607,1641,3248,326.516666666667,354.033333333333,680.55,679,1460,1478,90.8525202240199,90.0670322973796,-18,-20
1627215,Walter Lemon Jr.,5,5,79,91,170,17,17.95,34.95,35,84,102,106.329113924051,112.087912087912,-18,-15
1627744,Brice Johnson,18,18,248,238,486,46.25,50.65,96.9,99,213,231,85.8870967741936,97.0588235294118,-18,-8
1627853,Ryan Arcidiacono,24,24,720,711,1431,144.466666666667,158.316666666667,302.783333333333,305,636,654,88.3333333333333,91.9831223628692,-18,-24
101106,Andrew Bogut,23,24,532,513,1045,110.316666666667,105.316666666667,215.633333333333,217,436,455,81.9548872180451,88.6939571150098,-19,-29
1627875,Marcus Georges-Hunt,40,42,525,530,1055,111.916666666667,110.216666666667,222.133333333333,226,512,531,97.5238095238095,100.188679245283,-19,-34
202709,Cory Joseph,82,82,5108,5109,10217,1109.5,1099.66666666667,2209.16666666667,2210,4777,4797,93.5199686765858,93.8931297709924,-20,-50
1628405,Johnathan Motley,11,11,401,392,793,88.1,88.4666666666667,176.566666666667,174,349,369,87.0324189526185,94.1326530612245,-20,-17
1628506,London Perrantes,13,14,149,140,289,32.4166666666667,30.1166666666667,62.5333333333333,66,141,161,94.6308724832215,115,-20,-20
1626173,Rashad Vaughn,26,28,472,497,969,106.75,104.5,211.25,211,450,471,95.3389830508475,94.7686116700201,-21,-12
1627827,Dorian Finney-Smith,21,21,1049,1032,2081,236.266666666667,221.833333333333,458.1,449,940,961,89.6091515729266,93.1201550387597,-21,-24
1627858,Kyle Collinsworth,31,32,1111,1077,2188,242.7,235.65,478.35,478,1027,1048,92.4392439243925,97.3073351903436,-21,-29
1627819,Isaiah Taylor,66,67,2760,2757,5517,583.166666666667,578.666666666667,1161.83333333333,1166,2570,2592,93.1159420289855,94.0152339499456,-22,-33
1627814,Damion Lee,15,15,974,954,1928,205.666666666667,196.5,402.166666666667,403,869,892,89.2197125256674,93.5010482180294,-23,-24
1627816,Alex Poythress,24,25,238,242,480,52.9833333333333,49.35,102.333333333333,103,224,247,94.1176470588235,102.066115702479,-23,-21
1628463,Tyler Cavanaugh,38,39,1247,1225,2472,265.516666666667,256.8,522.316666666667,521,1168,1191,93.6647955092221,97.2244897959184,-23,-23
203104,Marquis Teague,3,3,172,170,342,38.3333333333333,35.7,74.0333333333333,73,147,171,85.4651162790698,100.588235294118,-24,-24
1628495,Milton Doyle,10,10,288,286,574,62.5666666666667,60.4333333333333,123,124,250,274,86.8055555555556,95.8041958041958,-24,-12
2225,Tony Parker,55,55,2422,2430,4852,560.7,509.15,1069.85,1067,2253,2278,93.0222956234517,93.7448559670782,-25,-10
203524,Solomon Hill,12,12,460,475,935,90.05,98.6166666666667,188.666666666667,187,422,447,91.7391304347826,94.1052631578947,-25,-26
1626169,Stanley Johnson,69,69,4373,4342,8715,952.383333333333,934.733333333333,1887.11666666667,1892,4034,4060,92.2478847473131,93.5052970981115,-26,-43
1626175,Jordan Mickey,23,23,630,636,1266,143.733333333333,137.416666666667,281.15,284,578,604,91.7460317460318,94.9685534591195,-26,-31
1627884,Derrick Jones Jr.,20,20,578,554,1132,124.15,119.266666666667,243.416666666667,247,483,509,83.5640138408305,91.8772563176895,-26,-36
2744,Al Jefferson,36,36,1105,1124,2229,253.616666666667,229.933333333333,483.55,480,1039,1066,94.027149321267,94.8398576512456,-27,-12
203926,Doug McDermott,81,81,4121,4104,8225,893.916666666667,869.55,1763.46666666667,1767,3813,3840,92.5260859014802,93.5672514619883,-27,-36
1627786,Troy Williams,21,21,741,727,1468,153.316666666667,152.516666666667,305.833333333333,307,701,728,94.6018893387314,100.137551581843,-27,-31
1628499,Antonius Cleveland,16,17,283,291,574,61.1833333333333,60.3833333333333,121.566666666667,122,232,259,81.9787985865724,89.0034364261168,-27,-45
201600,Omer Asik,18,18,416,425,841,89.5666666666667,92.6833333333333,182.25,180,401,429,96.3942307692308,100.941176470588,-28,-32
203486,Mason Plumlee,73,74,3362,3348,6710,706.683333333333,707.916666666667,1414.6,1439,3156,3184,93.8726948245092,95.1015531660693,-28,-52
203503,Tony Snell,75,75,4658,4753,9411,978.883333333333,1065.7,2044.58333333333,2051,4568,4596,98.0678402747961,96.6968230591206,-28,-62
203923,James Young,6,6,133,146,279,30,30.4833333333333,60.4833333333333,61,113,141,84.9624060150376,96.5753424657534,-28,-26
1627789,Timothe Luwawu-Cabarrot,52,52,1938,1969,3907,394.066666666667,406.25,800.316666666667,808,1759,1787,90.7636738906089,90.7567293042153,-28,-2
1628439,Isaiah Hicks,18,18,548,578,1126,119.816666666667,119.3,239.116666666667,238,522,550,95.2554744525547,95.1557093425606,-28,-47
201589,Darrell Arthur,18,19,326,341,667,69.8166666666667,70.7333333333333,140.55,141,305,335,93.558282208589,98.2404692082111,-30,-33
101127,Jarrett Jack,62,62,3611,3582,7193,784.283333333333,756,1540.28333333333,1550,3416,3447,94.5998338410413,96.2311557788945,-31,-16
202696,Nikola Vucevic,57,57,3933,3987,7920,832.766666666667,842.233333333333,1675,1687,3762,3793,95.6521739130435,95.1341861048407,-31,-39
203943,Noah Vonleh,54,54,2044,2004,4048,430.15,442.933333333333,873.083333333333,876,1838,1869,89.9217221135029,93.2634730538922,-31,-41
1626158,Richaun Holmes,48,48,1792,1832,3624,367.933333333333,377.666666666667,745.6,746,1668,1699,93.0803571428571,92.7401746724891,-31,-38
1627774,Jake Layman,34,35,366,360,726,82.95,74.85,157.8,161,327,358,89.344262295082,99.4444444444444,-31,-21
201967,Dante Cunningham,72,73,3607,3707,7314,762.5,771.916666666667,1534.41666666667,1560,3471,3503,96.229553645689,94.4968977609927,-32,-74
1626188,Quinn Cook,33,33,1687,1739,3426,367.183333333333,369.883333333333,737.066666666667,741,1622,1654,96.1470065204505,95.1121334100058,-32,-39
1628476,Derrick Walton Jr.,16,16,318,332,650,74.9166666666667,71.5666666666667,146.483333333333,148,296,328,93.0817610062893,98.7951807228916,-32,-30
204066,John Holland,23,24,399,417,816,86.8,84.3333333333333,171.133333333333,176,389,422,97.4937343358396,101.199040767386,-33,-29
1628389,Bam Adebayo,68,69,3004,3002,6006,685.833333333333,654.833333333333,1340.66666666667,1369,2745,2778,91.3781624500666,92.5383077948035,-33,-31
203141,Mirza Teletovic,10,10,353,364,717,76.8666666666667,81.85,158.716666666667,160,322,356,91.2181303116147,97.8021978021978,-34,-38
1627790,Ante Zizic,32,32,509,503,1012,107.5,102.65,210.15,217,486,520,95.4813359528487,103.37972166998,-34,-39
202692,Alec Burks,64,64,2364,2400,4764,536.283333333333,518.316666666667,1054.6,1059,2259,2295,95.5583756345178,95.625,-36,-16
1627883,Jalen Jones,14,16,428,400,828,89.5666666666667,90.3833333333333,179.95,180,398,435,92.9906542056075,108.75,-37,-32
1628412,Frank Mason,52,52,2189,2172,4361,494.183333333333,486.416666666667,980.6,988,2004,2041,91.5486523526724,93.9686924493554,-37,-31
1627763,Malcolm Brogdon,48,48,3243,3287,6530,698.05,738.583333333333,1436.63333333333,1440,3127,3165,96.4230650632131,96.2884088834804,-38,-67
1627821,James Webb III,10,10,278,269,547,56.4166666666667,61.2833333333333,117.7,120,245,283,88.1294964028777,105.204460966543,-38,-26
1627988,Myke Henry,20,20,889,867,1756,193.216666666667,182.916666666667,376.133333333333,380,817,855,91.9010123734533,98.6159169550173,-38,-30
2210,Richard Jefferson,20,20,382,373,755,84,78.05,162.05,163,337,376,88.2198952879581,100.804289544236,-39,-43
203484,Kentavious Caldwell-Pope,74,74,5934,5872,11806,1176.9,1272.6,2449.5,2456,5529,5568,93.1749241658241,94.8228882833788,-39,-52
203083,Andre Drummond,78,78,6134,6014,12148,1318.38333333333,1291.31666666667,2609.7,2629,5695,5735,92.8431692207369,95.360824742268,-40,-49
1627743,Demetrius Jackson,15,15,181,179,360,39.0833333333333,39.9666666666667,79.05,83,144,184,79.5580110497238,102.793296089385,-40,-38
202323,Evan Turner,79,79,4743,4725,9468,1045.41666666667,983.083333333333,2028.5,2035,4349,4390,91.6930212945393,92.9100529100529,-41,-50
203082,Terrence Ross,24,24,1408,1459,2867,287.116666666667,311.3,598.416666666667,598,1319,1360,93.6789772727273,93.2145305003427,-41,-58
1628537,Jaylen Morris,6,6,247,251,498,51.05,48.0333333333333,99.0833333333333,100,193,234,78.1376518218624,93.2270916334661,-41,-42
1628425,Sterling Brown,54,54,1781,1823,3604,376.816666666667,393.7,770.516666666667,777,1625,1669,91.2408759124088,91.5523861766319,-44,-48
201960,DeMarre Carroll,73,73,5150,5163,10313,1110.85,1063.68333333333,2174.53333333333,2181,4829,4875,93.7669902912621,94.4218477629285,-46,-66
1627770,Kay Felder,15,16,327,324,651,68.6166666666667,70.3666666666667,138.983333333333,141,272,318,83.1804281345566,98.1481481481482,-46,-48
203487,Michael Carter-Williams,52,52,1965,1878,3843,428.833333333333,404.35,833.183333333333,835,1772,1819,90.178117048346,96.8583599574015,-47,-61
1627788,Furkan Korkmaz,14,14,194,193,387,41.1666666666667,36.9,78.0666666666667,80,161,208,82.9896907216495,107.772020725389,-47,-44
1628422,Damyean Dotson,44,44,1104,1126,2230,234.666666666667,235.7,470.366666666667,473,971,1019,87.9528985507247,90.4973357015986,-48,-39
101109,Raymond Felton,82,82,3080,3079,6159,663.7,695.333333333333,1359.03333333333,1364,2803,2852,91.0064935064935,92.627476453394,-49,-44
202337,Luke Babbitt,50,50,1645,1680,3325,355.916666666667,352.85,708.766666666667,717,1561,1610,94.8936170212766,95.8333333333333,-49,-33
1627761,DeAndre' Bembry,26,26,1058,1098,2156,227.483333333333,233.95,461.433333333333,454,974,1023,92.0604914933837,93.1693989071038,-49,-76
1628391,D.J. Wilson,21,22,152,162,314,34.3833333333333,34.9333333333333,69.3166666666667,72,124,173,81.5789473684211,106.79012345679,-49,-41
1628455,Mike James,36,36,1702,1688,3390,345.35,340.55,685.9,688,1563,1612,91.8331374853114,95.4976303317536,-49,-40
203086,Meyers Leonard,33,33,581,577,1158,134.066666666667,118.466666666667,252.533333333333,253,554,604,95.3528399311532,104.679376083189,-50,-35
203918,Rodney Hood,60,60,3660,3685,7345,811.9,799.666666666667,1611.56666666667,1614,3533,3583,96.5300546448088,97.2320217096337,-50,-62
201565,Derrick Rose,25,25,1001,1016,2017,202.966666666667,214.25,417.216666666667,420,967,1019,96.6033966033966,100.295275590551,-52,-53
203124,Kyle O'Quinn,77,77,3200,3245,6445,703.183333333333,681.183333333333,1384.36666666667,1392,3018,3070,94.3125,94.6070878274268,-52,-42
201147,Corey Brewer,72,72,3014,2939,5953,587.616666666667,619.383333333333,1207,1209,2763,2816,91.672196416722,95.8149030282409,-53,-56
201158,Marco Belinelli,80,80,4635,4637,9272,962.733333333333,985.5,1948.23333333333,1945,4334,4387,93.5059331175836,94.608583135648,-53,-27
202355,Hassan Whiteside,54,54,3187,3145,6332,704.533333333333,655.966666666667,1360.5,1363,2855,2909,89.5826796360213,92.4960254372019,-54,-79
203944,Julius Randle,82,82,5233,5229,10462,1054.41666666667,1129.98333333333,2184.4,2191,4942,4997,94.4391362507166,95.5632052017594,-55,-80
1628404,Josh Hart,63,63,3478,3492,6970,699,756.35,1455.35,1460,3260,3315,93.7320299022427,94.9312714776632,-55,-71
202325,Wesley Johnson,74,74,3539,3593,7132,733.266666666667,746.333333333333,1479.6,1491,3318,3374,93.7552981068098,93.9048149178959,-56,-63
202702,Kenneth Faried,32,32,1104,1051,2155,233.566666666667,224.483333333333,458.05,463,973,1029,88.1340579710145,97.90675547098,-56,-42
1628681,Rodney Purvis,16,16,659,679,1338,146.583333333333,141.783333333333,288.366666666667,291,580,639,88.0121396054628,94.1089837997055,-59,-58
201628,Bobby Brown,20,20,265,274,539,57.15,56.2333333333333,113.383333333333,113,228,288,86.0377358490566,105.109489051095,-60,-59
201943,Brandon Jennings,14,14,494,483,977,103.533333333333,101.4,204.933333333333,208,424,484,85.82995951417,100.207039337474,-60,-63
203530,Joffrey Lauvergne,55,55,1247,1264,2511,268.383333333333,261.666666666667,530.05,534,1140,1200,91.4194065757819,94.9367088607595,-60,-70
203504,Trey Burke,36,36,1827,1853,3680,389.016666666667,392.366666666667,781.383333333333,785,1796,1858,98.3032293377121,100.269832703724,-62,-81
1628504,Xavier Rathan-Mayes,5,5,276,277,553,59.1166666666667,58.1166666666667,117.233333333333,118,225,287,81.5217391304348,103.610108303249,-62,-59
203079,Dion Waiters,30,30,2067,2066,4133,468.9,445.85,914.75,920,1872,1936,90.5660377358491,93.7076476282672,-64,-85
203917,Nik Stauskas,41,41,1196,1223,2419,258.05,260.566666666667,518.616666666667,521,1085,1149,90.7190635451505,93.9493049877351,-64,-57
204456,T.J. McConnell,76,76,4088,4149,8237,845.316666666667,863.066666666667,1708.38333333333,1705,3770,3834,92.2211350293542,92.4078091106291,-64,-71
203501,Tim Hardaway Jr.,57,57,4524,4411,8935,951.7,928.15,1879.85,1885,4190,4255,92.6171529619806,96.4633869870778,-65,-74
203953,Jabari Parker,31,31,1767,1777,3544,364.8,378.3,743.1,743,1646,1712,93.1522354272779,96.3421496904896,-66,-65
1628373,Frank Ntilikina,78,78,3981,3957,7938,862.75,838.933333333333,1701.68333333333,1704,3601,3667,90.454659633258,92.671215567349,-66,-102
1626202,Joe Young,53,53,1292,1293,2585,284.2,267.866666666667,552.066666666667,560,1161,1228,89.8606811145511,94.9729311678268,-67,-53
1627775,Patrick McCaw,56,57,2245,2329,4574,469.583333333333,486.666666666667,956.25,962,2142,2209,95.4120267260579,94.8475740661228,-67,-85
1627781,Malachi Richardson,26,26,740,740,1480,164.483333333333,155.166666666667,319.65,323,660,728,89.1891891891892,98.3783783783784,-68,-55
1713,Vince Carter,58,58,2332,2323,4655,528.733333333333,500.45,1029.18333333333,1027,2127,2196,91.2092624356775,94.532931554025,-69,-67
201596,Mario Chalmers,66,66,3347,3327,6674,728.033333333333,694.8,1422.83333333333,1426,3026,3095,90.4093217806991,93.0267508265705,-69,-60
1626151,Aaron Harrison,9,9,532,537,1069,118.6,114.7,233.3,235,472,541,88.7218045112782,100.744878957169,-69,-72
1627982,Josh Gray,5,5,218,210,428,45.1333333333333,41.6333333333333,86.7666666666667,87,158,227,72.4770642201835,108.095238095238,-69,-69
1626147,Justin Anderson,38,38,1219,1255,2474,261.783333333333,258.45,520.233333333333,519,1103,1174,90.4840032813782,93.5458167330677,-71,-82
203085,Austin Rivers,61,61,4785,4776,9561,1034.51666666667,1010.56666666667,2045.08333333333,2059,4600,4672,96.1337513061651,97.822445561139,-72,-56
201166,Aaron Brooks,30,32,428,438,866,96.9833333333333,88.5,185.483333333333,189,392,465,91.588785046729,106.164383561644,-73,-75
201573,Jerryd Bayless,39,39,2230,2237,4467,455.133333333333,467.4,922.533333333333,925,2029,2102,90.9865470852018,93.9651318730443,-73,-69
1627753,Zhou Qi,18,18,291,302,593,61.4,59.7833333333333,121.183333333333,123,218,291,74.9140893470791,96.3576158940397,-73,-67
204028,Tarik Black,51,51,1266,1270,2536,264.316666666667,268.033333333333,532.35,534,1109,1185,87.5987361769352,93.3070866141732,-76,-74
1628390,Terrance Ferguson,60,61,1789,1736,3525,373.75,382.5,756.25,765,1614,1690,90.217998882057,97.3502304147465,-76,-84
202714,Shelvin Mack,69,69,3110,3156,6266,687.516666666667,674.733333333333,1362.25,1364,2860,2937,91.9614147909968,93.0608365019011,-77,-93
1626203,Treveon Graham,63,63,2471,2387,4858,538.3,507.866666666667,1046.16666666667,1049,2258,2335,91.3800080938891,97.8215333054043,-77,-94
201196,Ramon Sessions,28,28,920,919,1839,198.033333333333,192.65,390.683333333333,393,816,895,88.6956521739131,97.3884657236126,-79,-83
1628414,Sindarius Thornwell,69,73,2731,2779,5510,561.683333333333,593.066666666667,1154.75,1157,2522,2601,92.3471255950201,93.5948182799568,-79,-94
1626171,Bobby Portis,73,73,3941,3850,7791,789.716666666667,856.1,1645.81666666667,1641,3698,3778,93.8340522709972,98.1298701298701,-80,-83
203948,Johnny O'Bryant III,36,36,886,892,1778,193.683333333333,182.666666666667,376.35,380,753,834,84.9887133182844,93.4977578475336,-81,-87
202718,Chandler Parsons,36,36,1555,1568,3123,352.366666666667,337.566666666667,689.933333333333,692,1487,1570,95.6270096463023,100.127551020408,-83,-85
201572,Brook Lopez,74,74,4185,4146,8331,839.633333333333,886.766666666667,1726.4,1736,3884,3968,92.8076463560335,95.7067052580801,-84,-79
201160,Jason Smith,33,33,665,683,1348,136.95,145.3,282.25,290,583,668,87.6691729323308,97.8038067349927,-85,-83
1628411,Wes Iwundu,62,62,2344,2334,4678,522.733333333333,492.383333333333,1015.11666666667,1017,2086,2171,88.9931740614335,93.0162810625536,-85,-105
1628510,Andrew White III,15,15,495,503,998,104.866666666667,104.1,208.966666666667,208,415,500,83.8383838383838,99.4035785288271,-85,-70
203118,Mike Scott,76,76,3267,3297,6564,704.666666666667,697.783333333333,1402.45,1404,3058,3144,93.6026936026936,95.3594176524113,-86,-80
204025,Tim Frazier,59,59,1908,1909,3817,413.966666666667,420.05,834.016666666667,840,1762,1848,92.3480083857442,96.8046097433211,-86,-84
203932,Aaron Gordon,58,58,4482,4520,9002,936.966666666667,965.7,1902.66666666667,1915,4218,4305,94.1097724230254,95.2433628318584,-87,-92
1628436,Luke Kornet,20,20,751,773,1524,163.966666666667,163.35,327.316666666667,326,690,777,91.8774966711052,100.517464424321,-87,-71
203903,Jordan Clarkson,81,81,4533,4536,9069,927.683333333333,962.133333333333,1889.81666666667,1885,4171,4259,92.0141186851975,93.8932980599647,-88,-38
203915,Spencer Dinwiddie,80,80,5358,5370,10728,1178.98333333333,1121.96666666667,2300.95,2306,5093,5181,95.0541246733856,96.4804469273743,-88,-100
1628432,Davon Reed,21,21,580,582,1162,116.483333333333,123.066666666667,239.55,242,470,558,81.0344827586207,95.8762886597938,-88,-75
2207,Joe Johnson,55,55,2725,2763,5488,611.916666666667,589.616666666667,1201.53333333333,1204,2495,2584,91.5596330275229,93.5215345638798,-89,-77
1626163,Frank Kaminsky,79,79,4313,4187,8500,931.433333333333,902.133333333333,1833.56666666667,1838,4076,4165,94.5049849292836,99.47456412706,-89,-55
1626166,Cameron Payne,25,25,1406,1352,2758,278.366666666667,301.45,579.816666666667,584,1258,1349,89.4736842105263,99.7781065088757,-91,-89
1717,Dirk Nowitzki,77,77,4213,4270,8483,980.6,905.45,1886.05,1900,4095,4187,97.1991455020176,98.056206088993,-92,-55
203521,Matthew Dellavedova,38,38,1566,1618,3184,347.366666666667,365.933333333333,713.3,709,1495,1587,95.4661558109834,98.0840543881335,-92,-79
202347,Quincy Pondexter,23,23,452,443,895,94.65,100.133333333333,194.783333333333,195,360,454,79.6460176991151,102.483069977427,-94,-90
203459,Allen Crabbe,75,75,5203,5243,10446,1107.5,1080.56666666667,2188.06666666667,2197,4914,5008,94.4455122044974,95.5178333015449,-94,-81
202335,Patrick Patterson,82,82,2877,2910,5787,611.916666666667,655.633333333333,1267.55,1271,2612,2707,90.7890163364616,93.0240549828179,-95,-74
202389,Timofey Mozgov,31,31,864,858,1722,182.65,174.1,356.75,358,732,827,84.7222222222222,96.3869463869464,-95,-86
1628388,TJ Leaf,53,53,1091,1082,2173,234.95,220.166666666667,455.116666666667,458,990,1086,90.7424381301558,100.369685767098,-96,-75
201167,Arron Afflalo,53,53,1508,1610,3118,346.55,333.4,679.95,681,1399,1500,92.7718832891247,93.167701863354,-101,-97
202684,Tristan Thompson,53,53,2535,2467,5002,538.933333333333,528.866666666667,1067.8,1072,2401,2502,94.7140039447732,101.418727199027,-101,-137
1627362,Briante Weber,18,18,567,550,1117,118.6,116.766666666667,235.366666666667,235,500,601,88.1834215167549,109.272727272727,-101,-109
1626162,Kelly Oubre Jr.,81,81,5238,5279,10517,1118.35,1108.58333333333,2226.93333333333,2233,4902,5004,93.5853379152348,94.7906800530403,-102,-113
1627767,Cheick Diallo,52,52,1375,1419,2794,281.55,294.6,576.15,582,1276,1378,92.8,97.1106412966878,-102,-106
1627846,Abdel Nader,47,48,1202,1201,2403,267.3,248.85,516.15,522,1072,1174,89.1846921797005,97.751873438801,-102,-110
202340,Avery Bradley,46,46,3337,3275,6612,721.766666666667,703.666666666667,1425.43333333333,1431,3028,3132,90.7401857956248,95.6335877862595,-104,-119
203488,Mike Muscala,53,53,2535,2558,5093,535.45,523.45,1058.9,1062,2342,2447,92.3865877712032,95.6606724003128,-105,-75
1628371,Jonathan Isaac,27,27,1207,1285,2492,265.35,269.016666666667,534.366666666667,537,1042,1149,86.3297431648716,89.4163424124514,-107,-108
1628397,Ivan Rabb,35,36,1227,1193,2420,263.066666666667,250.85,513.916666666667,518,1087,1194,88.5900570497148,100.083822296731,-107,-96
203112,Quincy Acy,70,70,3148,3213,6361,688.366666666667,669.616666666667,1357.98333333333,1362,2972,3080,94.4091486658196,95.8605664488018,-108,-55
1628467,Maxi Kleber,71,72,2701,2734,5435,621.266666666667,586.75,1208.01666666667,1209,2489,2601,92.1510551647538,95.1353328456474,-112,-130
201571,D.J. Augustin,75,75,4078,4143,8221,905.2,851.583333333333,1756.78333333333,1759,3754,3868,92.0549288867092,93.3622978517982,-114,-129
201588,George Hill,67,67,4124,4065,8189,931.216666666667,873.966666666667,1805.18333333333,1811,3937,4052,95.4655674102813,99.680196801968,-115,-123
201599,DeAndre Jordan,77,77,5678,5658,11336,1211.71666666667,1196.63333333333,2408.35,2423,5348,5463,94.1880943994364,96.5535524920467,-115,-122
2749,Jameer Nelson,50,50,2321,2403,4724,501.55,509.833333333333,1011.38333333333,1016,2194,2314,94.5282205945713,96.2962962962963,-120,-93
202699,Tobias Harris,80,80,6241,6160,12401,1344.3,1314.71666666667,2659.01666666667,2670,5895,6015,94.4560166639962,97.6461038961039,-120,-115
1627782,Wayne Selden,35,35,1622,1622,3244,352.1,338.283333333333,690.383333333333,693,1470,1590,90.6288532675709,98.0271270036991,-120,-102
1627742,Brandon Ingram,59,59,4811,4753,9564,958.083333333333,1009.3,1967.38333333333,1978,4347,4468,90.3554354604032,94.003787081843,-121,-127
1627746,Skal Labissiere,60,60,2860,2826,5686,620.466666666667,612.55,1233.01666666667,1239,2622,2743,91.6783216783217,97.0629865534324,-121,-118
203095,Evan Fournier,57,57,4305,4415,8720,892.783333333333,942.466666666667,1835.25,1837,4147,4271,96.3298490127758,96.7383918459796,-124,-121
203498,Shabazz Muhammad,43,43,965,989,1954,207.616666666667,206.866666666667,414.483333333333,417,883,1007,91.5025906735751,101.820020222447,-124,-117
1628386,Jarrett Allen,72,72,3357,3458,6815,734.666666666667,703.05,1437.71666666667,1437,3131,3255,93.2677986297289,94.1295546558704,-124,-144
203457,Nerlens Noel,29,30,1085,1072,2157,244.716666666667,228.1,472.816666666667,472,916,1041,84.4239631336406,97.1082089552239,-125,-119
1627098,Malcolm Delaney,54,54,2352,2417,4769,510.216666666667,504.783333333333,1015,1015,2149,2275,91.3690476190476,94.1249482829955,-126,-110
1628400,Semi Ojeleye,73,73,2598,2660,5258,583.3,564.8,1148.1,1153,2324,2452,89.4534257120862,92.1804511278196,-128,-183
203930,Sean Kilpatrick,52,52,1501,1494,2995,308.416666666667,327.45,635.866666666667,638,1354,1483,90.2065289806796,99.2637215528782,-129,-114
202362,Lance Stephenson,82,82,4275,4252,8527,938.666666666667,911.016666666667,1849.68333333333,1848,4006,4136,93.7076023391813,97.271872060207,-130,-108
202738,Isaiah Thomas,32,32,2084,2103,4187,424.8,435.883333333333,860.683333333333,863,1997,2127,95.8253358925144,101.14122681883,-130,-116
2747,JR Smith,80,80,5186,5237,10423,1124.71666666667,1110.05,2234.76666666667,2249,5113,5250,98.5923640570768,100.248233721596,-137,-114
201975,Jodie Meeks,77,77,2627,2618,5245,562.883333333333,551.3,1114.18333333333,1118,2394,2531,91.1305671869052,96.6768525592055,-137,-153
1627738,Deyonta Davis,62,62,2205,2253,4458,471.85,466.766666666667,938.616666666667,942,2000,2137,90.702947845805,94.8513093652907,-137,-160
1628398,Kyle Kuzma,77,77,5796,5813,11609,1148.78333333333,1242.2,2390.98333333333,2402,5350,5489,92.3050379572119,94.4262859108894,-139,-123
203473,Dewayne Dedmon,62,62,3578,3632,7210,774.183333333333,760.416666666667,1534.6,1544,3298,3440,92.1743991056456,94.7136563876652,-142,-159
1626143,Jahlil Okafor,28,28,778,791,1569,181.033333333333,166.066666666667,347.1,355,668,819,85.8611825192802,103.53982300885,-151,-163
203101,Miles Plumlee,55,55,2133,2145,4278,464.083333333333,447.466666666667,911.55,918,1900,2054,89.0764181903422,95.7575757575758,-154,-158
1627748,Thon Maker,74,74,2759,2859,5618,601.05,635.383333333333,1236.43333333333,1239,2645,2799,95.8680681406307,97.9013641133263,-154,-165
201563,Michael Beasley,73,74,3918,3874,7792,842.266666666667,806.5,1648.76666666667,1658,3618,3773,92.3430321592649,97.3928755807951,-155,-137
1627741,Buddy Hield,80,80,4579,4574,9153,1013.66666666667,1008.2,2021.86666666667,2027,4204,4359,91.8104389604717,95.2995190205509,-155,-155
203145,Kent Bazemore,65,65,4147,4259,8406,889.883333333333,891.7,1781.58333333333,1791,3840,3997,92.5970581142995,93.8483212021601,-157,-169
1626178,Rondae Hollis-Jefferson,68,68,4531,4628,9159,964.566666666667,950.65,1915.21666666667,1921,4275,4434,94.3500331052748,95.8081244598099,-159,-192
203925,Joe Harris,78,78,4628,4660,9288,1004.93333333333,965.45,1970.38333333333,1973,4322,4482,93.3880726015557,96.1802575107296,-160,-122
1628416,Tyler Dorsey,56,56,2298,2293,4591,496,474.633333333333,970.633333333333,978,2081,2242,90.5570060922541,97.7758395115569,-161,-142
202498,Lance Thomas,73,73,3112,3111,6223,688.366666666667,660.4,1348.76666666667,1352,2821,2985,90.6491002570694,95.9498553519768,-164,-184
203476,Gorgui Dieng,79,79,3101,3090,6191,691.516666666667,638.916666666667,1330.43333333333,1334,2895,3062,93.3569816188326,99.0938511326861,-167,-202
203897,Zach LaVine,24,24,1531,1512,3043,322.016666666667,329.866666666667,651.883333333333,653,1396,1572,91.1822338340954,103.968253968254,-176,-172
2037,Jamal Crawford,80,80,3799,3815,7614,855.8,791.133333333333,1646.93333333333,1658,3634,3818,95.6567517767834,100.078636959371,-184,-144
1626150,Andrew Harrison,56,56,2950,2928,5878,685.616666666667,632.366666666667,1317.98333333333,1325,2644,2828,89.6271186440678,96.5846994535519,-184,-202
202683,Enes Kanter,71,71,4328,4229,8557,931.5,892.316666666667,1823.81666666667,1830,3957,4145,91.4279112754159,98.0137148262001,-188,-182
203200,Justin Holiday,72,72,5325,5244,10569,1106.1,1153.46666666667,2259.56666666667,2269,4924,5112,92.4694835680751,97.4828375286041,-188,-180
1627835,Paul Zipser,53,54,1844,1875,3719,394.65,423.966666666667,818.616666666667,823,1641,1833,88.9913232104122,97.76,-192,-218
203516,James Ennis III,72,72,3643,3692,7335,805.866666666667,796.816666666667,1602.68333333333,1602,3321,3514,91.1611309360417,95.1787648970748,-193,-183
202732,DeAndre Liggins,56,58,1600,1674,3274,352.166666666667,367.683333333333,719.85,727,1454,1654,90.875,98.805256869773,-200,-211
1628382,Justin Jackson,68,68,3432,3421,6853,753.95,740.633333333333,1494.58333333333,1507,3103,3310,90.4137529137529,96.7553346974569,-207,-237
1626156,D'Angelo Russell,48,48,2963,3053,6016,622.083333333333,607.733333333333,1229.81666666667,1233,2771,2979,93.5200809989875,97.5761546020308,-208,-186
1628021,David Nwaba,70,70,3902,3848,7750,792.633333333333,850.433333333333,1643.06666666667,1647,3547,3761,90.9021014864172,97.7390852390852,-214,-238
1628370,Malik Monk,63,63,2033,2025,4058,429.866666666667,416.666666666667,846.533333333333,853,1825,2039,89.7688145597639,100.691358024691,-214,-188
1628415,Dillon Brooks,82,82,5297,5294,10591,1193.86666666667,1145.46666666667,2339.33333333333,2352,4805,5019,90.7117236171418,94.8054401208916,-214,-243
1628424,Kobi Simmons,32,32,1490,1465,2955,330.416666666667,309.083333333333,639.5,645,1327,1542,89.0604026845638,105.255972696246,-215,-213
203210,JaMychal Green,55,55,3468,3402,6870,785.766666666667,748.883333333333,1534.65,1538,3124,3344,90.080738177624,98.2951205173427,-220,-250
1626209,Mario Hezonja,75,75,3808,3886,7694,829.533333333333,817.6,1647.13333333333,1655,3513,3733,92.2531512605042,96.062789500772,-220,-205
1628381,John Collins,74,74,4172,4246,8418,894.766666666667,888,1782.76666666667,1785,3764,3988,90.2205177372963,93.9236928874235,-224,-219
1627747,Caris LeVert,71,71,4442,4478,8920,947.6,916.166666666667,1863.76666666667,1865,4070,4295,91.6253939666817,95.9133541759714,-225,-263
201577,Robin Lopez,64,64,3882,3838,7720,828.9,855.25,1684.15,1694,3515,3741,90.5461102524472,97.4726420010422,-226,-199
201585,Kosta Koufos,71,71,3145,3123,6268,702.216666666667,686.716666666667,1388.93333333333,1390,2752,2980,87.5039745627981,95.4210694844701,-228,-224
202328,Greg Monroe,51,51,2435,2446,4881,531.383333333333,507.516666666667,1038.9,1040,2155,2404,88.5010266940452,98.2829108748978,-249,-213
202066,Garrett Temple,65,65,3692,3638,7330,830.566666666667,779.583333333333,1610.15,1615,3261,3514,88.3261105092091,96.5915338097856,-253,-265
1626185,Jarell Martin,73,73,3773,3789,7562,845.416666666667,810.316666666667,1655.73333333333,1663,3370,3626,89.3188444208852,95.6980733702824,-256,-264
1627739,Kris Dunn,52,52,3561,3533,7094,740.133333333333,779.716666666667,1519.85,1525,3246,3504,91.1541701769166,99.1791678460232,-258,-274
203471,Dennis Schroder,67,67,4850,4915,9765,1039.4,1030.1,2069.5,2076,4489,4749,92.5567010309278,96.6225839267548,-260,-283
2199,Tyson Chandler,46,46,2749,2721,5470,576.466666666667,568.766666666667,1145.23333333333,1154,2396,2666,87.1589668970535,97.97868430724,-270,-244
1626170,Jerian Grant,74,74,3893,3840,7733,822.4,858.666666666667,1681.06666666667,1685,3515,3790,90.2902645774467,98.6979166666667,-275,-254
1627737,Marquese Chriss,72,72,3711,3694,7405,750.816666666667,768.383333333333,1519.2,1524,3286,3561,88.5475613042307,96.3995668651868,-275,-297
203458,Alex Len,69,69,3405,3406,6811,694.833333333333,699.933333333333,1394.76666666667,1395,3051,3328,89.6035242290749,97.7099236641222,-277,-253
1626144,Emmanuel Mudiay,64,64,3002,2976,5978,625.333333333333,615.6,1240.93333333333,1244,2669,2947,88.9073950699534,99.0255376344086,-278,-265
203463,Ben McLemore,56,56,2522,2531,5053,545.566666666667,545.1,1090.66666666667,1090,2178,2466,86.3600317208565,97.4318451205057,-288,-317
1627756,Denzel Valentine,77,77,4927,4801,9728,1019.76666666667,1070.33333333333,2090.1,2098,4404,4694,89.3850213111427,97.7712976463237,-290,-271
203613,Jonathon Simmons,69,69,4710,4807,9517,1003.48333333333,1020.08333333333,2023.56666666667,2030,4416,4709,93.7579617834395,97.9613064281257,-293,-312
201584,Courtney Lee,76,76,5372,5388,10760,1176.65,1126.76666666667,2303.41666666667,2311,4936,5237,91.8838421444527,97.1974758723088,-301,-256
1626161,Willie Cauley-Stein,73,73,4644,4601,9245,1032.35,1005.18333333333,2037.53333333333,2047,4184,4497,90.0947459086994,97.7396218213432,-313,-323
1627752,Taurean Prince,82,82,5777,5869,11646,1241.65,1217.2,2458.85,2466,5344,5659,92.5047602561883,96.4218776622934,-315,-368
1627755,Tyler Ulis,71,71,3967,3940,7907,816.133333333333,835.4,1651.53333333333,1657,3500,3817,88.2278800100832,96.8781725888325,-317,-316
1628372,Dennis Smith Jr.,69,69,4651,4683,9334,1051.63333333333,994.566666666667,2046.2,2052,4304,4630,92.5392388733606,98.8682468503096,-326,-325
203084,Harrison Barnes,77,77,5913,6001,11914,1361.31666666667,1275.4,2636.71666666667,2638,5513,5842,93.2352443767969,97.3504415930678,-329,-327
201188,Marc Gasol,73,73,5387,5381,10768,1243.71666666667,1158.96666666667,2402.68333333333,2409,4879,5211,90.5698904770744,96.840735922691,-332,-313
202083,Wesley Matthews,63,63,4761,4834,9595,1104.13333333333,1022.61666666667,2126.75,2134,4457,4791,93.6147868094938,99.1104675217212,-334,-325
1626245,Cristiano Felicio,55,55,2284,2240,4524,470.4,501.116666666667,971.516666666667,980,1909,2244,83.5814360770578,100.178571428571,-335,-335
2216,Zach Randolph,59,59,3427,3360,6787,788.283333333333,712.533333333333,1500.81666666667,1508,3077,3437,89.78698570178,102.291666666667,-360,-354
203992,Bogdan Bogdanovic,78,78,4958,4900,9858,1101.85,1068.3,2170.15,2175,4498,4861,90.722065348931,99.2040816326531,-363,-362
1628374,Lauri Markkanen,68,68,4696,4624,9320,994.55,1016.03333333333,2010.58333333333,2022,4237,4616,90.2257240204429,99.8269896193772,-379,-387
1628368,De'Aaron Fox,73,73,4690,4668,9358,1015.51666666667,1001.46666666667,2016.98333333333,2023,4206,4611,89.680170575693,98.7789203084833,-405,-413
1626164,Devin Booker,54,54,4610,4587,9197,929.55,930.483333333333,1860.03333333333,1864,4104,4511,89.0238611713666,98.3431436668847,-407,-358
203584,Troy Daniels,79,79,3859,3894,7753,801.916666666667,815.5,1617.41666666667,1620,3475,3892,90.0492355532521,99.9486389316898,-417,-406
202687,Bismack Biyombo,82,82,3436,3540,6976,743.233333333333,751.916666666667,1495.15,1491,2975,3397,86.5832363213039,95.9604519774011,-422,-429
203933,T.J. Warren,65,65,5178,5187,10365,1064.91666666667,1069.15,2134.06666666667,2139,4634,5080,89.4940131324836,97.9371505687295,-446,-430
203901,Elfrid Payton,63,63,4286,4380,8666,858.05,935.966666666667,1794.01666666667,1807,3943,4399,91.9972001866542,100.433789954338,-456,-462
1628367,Josh Jackson,77,77,4773,4796,9569,960.4,994.85,1955.25,1960,4166,4639,87.282631468678,96.7264386989158,-473,-529
1627733,Dragan Bender,82,82,4934,4988,9922,1019.56666666667,1040.36666666667,2059.93333333333,2072,4401,4879,89.1974057559789,97.8147554129912,-478,-469
