name,id,orapm,drapm,rapm,orapm_rnk,drapm_rnk,rapm_rnk,gp_total,poss_o,poss_d,poss_total,mp_o,mp_d,mp_total,pts_o,pts_d,pm,pts_o_per100,pts_o_per36
Johnny O'Bryant III,203948,7.45181199367779,0.758668572882312,8.2104805665601,1,106,1,11,149,164,313,36.0666666666667,46.95,83.0166666666667,197,187,10,62.9392971246007,85.4286287893997
Chinanu Onuaku,1627778,-0.227459578172145,7.61514350860135,7.38768393042921,244,1,2,5,98,112,210,24.6,26.9833333333333,51.5833333333333,112,149,-37,53.3333333333333,78.1647819063005
Daniel Ochefu,1627849,5.09825615390308,0.624097634929319,5.7223537888324,3,123,3,19,147,150,297,36.05,39.2333333333333,75.2833333333333,184,162,22,61.952861952862,87.9876023909675
Chris Andersen,2365,6.5892478466082,-1.13376976810342,5.45547807850478,2,384,4,12,210,238,448,55.55,57.5,113.05,265,258,7,59.1517857142857,84.3874391862008
Quinn Cook,1626188,2.28868738914895,3.11693604259292,5.40562343174187,18,14,5,13,331,346,677,90.3166666666667,89.4666666666667,179.783333333333,392,422,-30,57.9025110782866,78.494484101233
Shabazz Napier,203894,1.4556206784616,3.71276320706654,5.16838388552814,35,6,6,52,976,935,1911,261.433333333333,247.916666666667,509.35,1106,1128,-22,57.8754578754579,78.1702169431629
Anthony Bennett,203461,2.30996274413529,2.38407149223083,4.69403423636612,17,24,7,23,561,557,1118,130.2,133.5,263.7,656,652,4,58.6762075134168,89.556313993174
Jordan Crawford,202348,2.95162875348946,1.42236564839008,4.37399440187954,11,45,8,19,877,865,1742,225.966666666667,216.683333333333,442.65,1040,1011,29,59.7014925373134,84.5814977973568
Jonathan Gibson,1626780,-0.272586079720342,4.10943276928131,3.83684668956097,256,5,9,17,433,439,872,113.016666666667,117.866666666667,230.883333333333,466,542,-76,53.4403669724771,72.6600736302606
Gary Harris,203914,1.33269865091118,2.46039385191215,3.79309250282332,41,22,10,57,3584,3592,7176,868.1,885.65,1753.75,4208,4282,-74,58.6399108138239,86.3794725588026
Marcelo Huertas,1626273,2.85257198052316,0.921877587128072,3.77444956765123,12,86,11,22,471,456,927,121.016666666667,115.5,236.516666666667,559,514,45,60.302049622438,85.0849129730111
Jordan Mickey,1626175,-3.0135076355675,6.61642967457565,3.60292203900815,435,2,12,23,279,277,556,65.9833333333333,74.5833333333334,140.566666666667,287,355,-68,51.6187050359712,73.5024899217453
Isaiah Thomas,202738,2.46869376031179,0.932291432938721,3.40098519325051,16,83,13,76,5075,5185,10260,1255.85,1274.1,2529.95,6060,5758,302,59.0643274853801,86.2309531808929
Jodie Meeks,201975,0.836898877222104,2.43981923373409,3.27671811095619,85,23,14,36,1432,1493,2925,357.5,376.566666666667,734.066666666667,1623,1702,-79,55.4871794871795,79.5949505040414
Chris McCullough,1626191,0.272864029272813,2.77472314965995,3.04758717893277,156,18,15,16,162,165,327,37.8166666666667,40.4833333333333,78.3,181,196,-15,55.3516819571865,83.2183908045977
Damian Jones,1627745,-3.54890982945438,6.46748440884587,2.91857457939149,439,3,16,10,149,158,307,43.2166666666667,41.8166666666667,85.0333333333333,148,197,-49,48.2084690553746,62.6577812622501
Isaiah Taylor,1627819,-0.172089065107519,3.07171002529002,2.8996209601825,232,15,17,4,104,115,219,26.25,25.3333333333333,51.5833333333334,117,140,-23,53.4246575342466,81.654281098546
Anthony Tolliver,201229,1.93135965296611,0.946239135263621,2.87759878822973,22,80,18,65,2831,2803,5634,725.65,748.333333333333,1473.98333333333,3317,3207,110,58.8746893858715,81.0131276925339
James Harden,201935,1.41520570633648,1.36912367496447,2.78432938130094,38,47,19,81,6026,5953,11979,1452.55,1469.98333333333,2922.53333333333,7134,6877,257,59.5542198847984,87.8771841781103
Brandon Bass,101138,0.0253323785800699,2.75526222313482,2.78059460171489,195,19,20,52,1139,1114,2253,292.333333333333,283.266666666667,575.6,1274,1319,-45,56.5468264536174,79.6803335649757
Stephen Curry,201939,2.6238223729794,0.0941955719031495,2.71801794488255,13,207,21,79,5472,5412,10884,1269.13333333333,1339.73333333333,2608.86666666667,6683,5953,730,61.4020580668872,92.2193545089822
Donatas Motiejunas,202700,-0.603469951492532,3.31658551155627,2.71311556006374,310,11,22,34,941,946,1887,230.933333333333,241.566666666667,472.5,1022,1136,-114,54.1600423953365,77.8666666666667
Greg Monroe,202328,1.12827052648526,1.56714085253034,2.6954113790156,58,39,23,81,3465,3480,6945,911.416666666667,923.25,1834.66666666667,4011,3984,27,57.7537796976242,78.7042151162791
Cole Aldrich,202332,1.64375664804051,0.9001627613979,2.54391940943841,27,89,24,62,1013,1029,2042,256.683333333333,269.966666666667,526.65,1171,1146,25,57.3457394711068,80.0455710623754
Georgios Papagiannis,1627834,-0.809708109325105,3.34993707619506,2.54022896686995,335,10,25,22,707,651,1358,186.1,170.216666666667,356.316666666667,775,792,-17,57.0692194403535,78.3011366294027
Pat Connaughton,1626192,1.80344978981568,0.7347995531627,2.53824934297838,24,108,26,38,615,595,1210,156.866666666667,155.383333333333,312.25,694,678,16,57.3553719008265,80.0128102481986
Nicolas Brussino,1627852,-0.380491254874156,2.88642894602899,2.50593769115484,276,17,27,54,986,975,1961,261.1,250.966666666667,512.066666666667,1068,1169,-101,54.4620091789903,75.0839734409582
Manu Ginobili,1938,0.492780517833992,1.95808719070426,2.45086770853825,128,27,28,69,2523,2574,5097,642.166666666667,654.983333333333,1297.15,2788,3025,-237,54.6988424563469,77.3757853756312
Marcus Thornton,201977,4.18452432900264,-1.76473629022254,2.41978803878009,5,425,29,33,1111,1143,2254,281.116666666667,292.266666666667,573.383333333333,1356,1212,144,60.1597160603372,85.1367613289539
Chasson Randle,1626184,1.1930682834679,1.21738298632292,2.41045126979083,49,56,30,26,583,605,1188,147.983333333333,149.45,297.433333333333,652,680,-28,54.8821548821549,78.9151630617505
Kevin Durant,201142,1.96337729545033,0.408661520508757,2.37203881595909,21,154,31,62,4187,4245,8432,982.85,1061,2043.85,5057,4691,366,59.9739089184061,89.0730728771681
JaVale McGee,201580,3.67209703337787,-1.36807312004621,2.30402391333166,7,398,32,77,1587,1568,3155,359.816666666667,381.666666666667,741.483333333333,1979,1669,310,62.7258320126783,96.0830767155926
Briante Weber,1627362,3.44698618939043,-1.14495895360201,2.30202723578842,9,385,33,20,365,386,751,93.3833333333333,110.683333333333,204.066666666667,437,418,19,58.1890812250333,77.0924534465861
Mike Miller,2034,0.339640646188504,1.9347971851343,2.2744378313228,145,29,34,19,292,304,596,68.7,80.8,149.5,332,357,-25,55.7046979865772,79.9464882943144
Tyus Jones,1626145,2.25637753994164,-0.0122098228002731,2.24416771714137,19,223,35,59,1527,1493,3020,385.283333333333,383.85,769.133333333333,1802,1651,151,59.6688741721854,84.3442836092572
Archie Goodwin,203462,3.66818727582647,-1.47960771770863,2.18857955811784,8,409,36,15,421,425,846,107.283333333333,106.666666666667,213.95,504,448,56,59.5744680851064,84.8048609488198
Shawn Long,1627848,0.634358327709688,1.54833709618008,2.18269542388977,107,42,37,17,479,493,972,120.233333333333,115.183333333333,235.416666666667,539,564,-25,55.4526748971194,82.4240707964602
LeBron James,2544,1.75389512034079,0.296279323644282,2.05017444398507,25,170,38,74,5473,5534,11007,1371.65,1380.11666666667,2751.76666666667,6467,6190,277,58.7535204869629,84.6045570724262
Montrezl Harrell,1626149,0.860780054255661,1.18933804099965,2.05011809525531,81,59,39,58,2160,2150,4310,522.75,528.866666666667,1051.61666666667,2529,2486,43,58.677494199536,86.5752729923768
Nikola Jokic,203999,1.56478632161391,0.438456279019369,2.00324260063328,31,148,40,73,4120,4113,8233,986.95,1016.76666666667,2003.71666666667,4835,4717,118,58.7270739706061,86.8685692421583
Joe Ingles,204060,0.183368882897843,1.79520625862957,1.97857514152742,173,32,41,82,3671,3676,7347,952.533333333333,1008.16666666667,1960.7,4053,4245,-192,55.1653736218865,74.4162799000357
Richaun Holmes,1626158,1.23633637437904,0.719264795637423,1.95560117001646,46,110,42,57,2375,2331,4706,602.15,576.966666666667,1179.11666666667,2701,2606,95,57.3948151296218,82.4651221959942
Terrence Ross,203082,-0.00718037320114231,1.88288021254661,1.87569983934547,202,30,43,78,3904,3940,7844,958.4,987.55,1945.95,4364,4522,-158,55.6348801631821,80.7338318045171
Trevor Ariza,2772,0.954315094596387,0.917849377091962,1.87216447168835,73,88,44,80,5659,5572,11231,1362.86666666667,1377.93333333333,2740.8,6667,6397,270,59.3624788531743,87.5700525394045
Ryan Anderson,201583,1.02822616086711,0.812837215736005,1.84106337660311,63,100,45,72,4211,4203,8414,1027.78333333333,1051.2,2078.98333333333,4964,4817,147,58.9969099120514,85.9573990492148
Andrew Wiggins,203952,0.852915541247719,0.979310964157587,1.83222650540531,83,75,46,82,5984,5972,11956,1486.23333333333,1540.08333333333,3026.31666666667,6909,6782,127,57.7868852459016,82.1870370472356
Karl-Anthony Towns,1626157,0.765035254231802,1.05412571529342,1.81916096952522,91,67,47,82,5880,5909,11789,1466.35,1519.71666666667,2986.06666666667,6789,6717,72,57.5875816439053,81.8481391350941
Blake Griffin,201933,1.44344117429932,0.357063923917001,1.80050509821632,37,162,48,61,4056,4100,8156,1012.45,1036.4,2048.85,4809,4536,273,58.9627268268759,84.4981330990556
Cheick Diallo,1627767,-0.759395555839019,2.51600581903867,1.75661026319965,327,20,49,16,392,380,772,97.3333333333333,93.9333333333333,191.266666666667,426,461,-35,55.1813471502591,80.1812478215406
DeMarcus Cousins,202326,0.88232313265824,0.860085691168955,1.74240882382719,78,93,50,72,4694,4682,9376,1192.35,1238.11666666667,2430.46666666667,5392,5298,94,57.5085324232082,79.8661436761116
Marco Belinelli,201158,0.888560085871691,0.852865712403694,1.74142579827539,77,95,51,74,3441,3473,6914,864.783333333333,916.433333333333,1781.21666666667,3898,3919,-21,56.3783627422621,78.7821058639694
Khris Middleton,203114,1.61979194500454,0.117550610207865,1.7373425552124,29,201,52,29,1614,1659,3273,431.483333333333,445.833333333333,877.316666666667,1910,1845,65,58.3562480904369,78.3753490757803
Omri Casspi,201956,0.874457287044352,0.846904789797774,1.72136207684213,80,96,53,36,1212,1246,2458,316.25,324.75,641,1401,1420,-19,56.9975589910496,78.6833073322933
James Jones,2592,-1.48505496427084,3.20588782323604,1.7208328589652,387,13,54,48,689,749,1438,187.25,188.433333333333,375.683333333333,749,886,-137,52.086230876217,71.7732132558449
John Wall,202322,0.238195735659027,1.47703166804139,1.71522740370042,163,43,55,78,5625,5715,11340,1406.75,1393.95,2800.7,6358,6650,-292,56.0670194003527,81.7252829649731
Norman Powell,1626181,0.552509608818352,1.16124636828,1.71375597709835,115,60,56,76,2641,2658,5299,660.783333333333,698.383333333333,1359.16666666667,2953,3033,-80,55.7274957539158,78.2155732679338
Alex Abrines,203518,0.745853474791944,0.956370589459273,1.70222406425122,93,77,57,68,2125,2160,4285,526.916666666667,527.116666666667,1054.03333333333,2376,2432,-56,55.4492415402567,81.1511337402359
Eric Bledsoe,202339,1.56558188584739,0.126942159792789,1.69252404564018,30,200,58,66,4396,4458,8854,1080.11666666667,1067.93333333333,2148.05,5154,4961,193,58.2109780889993,86.3778776099253
Kawhi Leonard,202695,0.617127863690616,1.06670861795651,1.68383648164712,108,66,59,74,4679,4766,9445,1194.73333333333,1243.96666666667,2438.7,5153,5456,-303,54.5579671784013,76.0683970968139
Kyle Korver,2594,0.445498980713589,1.19357673195914,1.63907571267273,132,58,60,67,3398,3525,6923,843.1,906.633333333333,1749.73333333333,3835,4010,-175,55.3950599451105,78.9034519545836
Frank Kaminsky,1626163,0.19072052624127,1.444885198693,1.63560572493427,172,44,61,75,3796,3839,7635,944.416666666667,1005.43333333333,1949.85,4255,4364,-109,55.7301899148658,78.5598892222479
Toney Douglas,201962,2.47696220593908,-0.851629505100279,1.6253327008388,15,355,62,24,734,802,1536,186.483333333333,211.116666666667,397.6,862,860,2,56.1197916666667,78.0482897384306
Mason Plumlee,203486,0.384897849504227,1.22075244198192,1.60565029148614,140,55,63,81,4227,4300,8527,1050.16666666667,1060,2110.16666666667,4803,4996,-193,56.3269614166764,81.9404470420978
Arron Afflalo,201167,1.38011454550643,0.204186407427524,1.58430095293395,39,187,64,61,3011,2978,5989,758.366666666667,801.433333333334,1559.8,3495,3347,148,58.3569878109868,80.6641877163739
D'Angelo Russell,1626156,0.541197273468213,1.02250197714899,1.5636992506172,120,71,65,63,3602,3652,7254,878.966666666667,900.3,1779.26666666667,4094,4165,-71,56.4378274055694,82.834126419124
Kyrie Irving,202681,1.15820851126112,0.403829749167028,1.56203826042815,55,155,66,72,5061,5107,10168,1243.81666666667,1257.23333333333,2501.05,5941,5719,222,58.4284028324154,85.514483916755
Luis Scola,2449,0.685265524762431,0.875762935814841,1.56102846057727,99,92,67,36,935,931,1866,225.866666666667,231.366666666667,457.233333333333,1054,1046,8,56.4844587352626,82.9860756725232
Dwight Powell,203939,-0.735425252577519,2.22297571270459,1.48755046012707,324,25,68,77,2529,2462,4991,689.383333333333,646.7,1336.08333333333,2736,2909,-173,54.8186736125025,73.7199525977671
Nerlens Noel,203457,1.72628696432682,-0.263150296423508,1.46313666790331,26,270,69,51,1938,2046,3984,513.2,518.35,1031.55,2243,2256,-13,56.3002008032129,78.2783190344627
Tyson Chandler,2199,0.529602926122621,0.924713235448243,1.45431616157086,122,84,70,47,2593,2597,5190,650.466666666667,626.616666666667,1277.08333333333,2993,2951,42,57.6685934489403,84.3703752039152
Garrett Temple,202066,1.01032901025924,0.429541700581944,1.43987071084119,67,150,71,65,3292,3291,6583,858.15,863.683333333333,1721.83333333333,3786,3728,58,57.5117727479872,79.1574871745233
Lou Williams,101150,0.680084056403057,0.751370203740762,1.43145426014382,100,107,72,81,4087,4108,8195,985.816666666667,1003.63333333333,1989.45,4695,4634,61,57.2910311165345,84.9581542637412
Alan Anderson,101187,-0.138761565463732,1.55821553948698,1.41945397402324,224,41,73,30,598,601,1199,152.866666666667,156.083333333333,308.95,663,694,-31,55.2960800667223,77.2552192911474
Channing Frye,101112,0.40019996528703,1.01217074049932,1.41237070578635,135,73,74,74,2641,2800,5441,675.316666666667,712.4,1387.71666666667,3046,3172,-126,55.9823561845249,79.019012046167
Michael Beasley,201563,-0.183321272299275,1.56637943561604,1.38305816331676,236,40,75,56,1811,1809,3620,467.633333333333,461.283333333333,928.916666666667,2037,2075,-38,56.2707182320442,78.943572261595
Darren Collison,201954,1.01227633005142,0.358569691079069,1.37084602113049,66,160,76,68,3886,3951,7837,995.55,1042.75,2038.3,4499,4447,52,57.4071711113947,79.4603345925526
JJ Redick,200755,1.46349520286812,-0.133147192959923,1.3303480099082,34,246,77,78,4307,4359,8666,1069.11666666667,1085.25,2154.36666666667,5095,4786,309,58.7929840756981,85.1387105259086
Kenneth Faried,202702,0.645151951071931,0.682354160048927,1.32750611112086,104,116,78,61,2657,2634,5291,632.133333333333,654.766666666667,1286.9,3036,3013,23,57.3804573804574,84.9296759654985
Alex Poythress,1627816,1.33678403451529,-0.0331453030584194,1.30363873145687,40,230,79,6,307,324,631,77.7833333333333,78.75,156.533333333333,357,357,0,56.5768621236133,82.1039182282794
Marquese Chriss,1627737,0.60190973959171,0.699615786419199,1.30152552601091,110,112,80,82,3548,3571,7119,860.6,843.233333333333,1703.83333333333,4082,4012,70,57.3395139766821,86.2478724444879
Leandro Barbosa,2571,1.16839047234182,0.129494007384269,1.29788447972609,53,199,81,67,1924,1911,3835,478.85,481.15,960,2225,2072,153,58.0182529335072,83.4375
Tim Hardaway Jr.,203501,1.32979697866542,-0.0331414384122237,1.29665554025319,42,229,82,79,4244,4267,8511,1037.8,1103.51666666667,2141.31666666667,4770,4680,90,56.0451180824815,80.1936503241775
Nick Young,201156,0.503482433720948,0.7892788854495,1.29276131917045,123,103,83,60,3158,3152,6310,768.866666666667,770.216666666667,1539.08333333333,3565,3567,-2,56.4976228209192,83.387297633873
Okaro White,1627855,2.21386130262503,-0.983840657464342,1.23002064516069,20,367,84,35,897,929,1826,233.516666666667,238.483333333333,472,1043,993,50,57.1193866374589,79.5508474576271
Paul George,202331,0.16080556135194,1.03285837499584,1.19366393634778,180,69,85,75,5193,5216,10409,1335.71666666667,1333.65,2669.36666666667,5884,5915,-31,56.528004611394,79.3536544248948
Jamal Crawford,2037,0.501001857932612,0.686481034896927,1.18748289282954,126,115,86,82,4222,4216,8438,1077.33333333333,1075.86666666667,2153.2,4810,4736,74,57.0040293908509,80.4198402377856
Thomas Robinson,203080,0.93421856258825,0.241027115529197,1.17524567811745,74,179,87,47,1102,1098,2200,277.233333333333,279.633333333333,556.866666666667,1264,1221,43,57.4545454545455,81.7143541242667
Bojan Bogdanovic,202711,0.336082438846007,0.836689747419669,1.17277218626568,147,97,88,81,4147,4238,8385,1015.23333333333,1029.95,2045.18333333333,4647,4777,-130,55.4203935599285,81.7980458149636
Damian Lillard,203081,0.215293901367824,0.920527173619115,1.13582107498694,166,87,89,75,5376,5416,10792,1327.65,1336.66666666667,2664.31666666667,6025,6197,-172,55.8283914010378,81.4092418944195
Allen Crabbe,203459,0.95796812203448,0.170479088130305,1.12844721016479,72,193,90,79,4479,4438,8917,1136.13333333333,1119.56666666667,2255.7,5098,4992,106,57.1716945160929,81.3618832291528
Jeff Withey,203481,0.637012934881681,0.478130210933519,1.1151431458152,106,142,91,49,846,831,1677,209.466666666667,221.716666666667,431.183333333333,938,933,5,55.933214072749,78.3147153183101
Jabari Parker,203953,0.549904257699385,0.517652771573852,1.06755702927324,118,137,92,51,3379,3384,6763,853.983333333333,852.033333333334,1706.01666666667,3860,3784,76,57.0752624574893,81.4528970994812
Otto Porter Jr.,203490,0.696561131505345,0.368274917522915,1.06483604902826,98,159,93,80,5099,5233,10332,1275.66666666667,1285.93333333333,2561.6,5807,5980,-173,56.2040263259776,81.6099312929419
Enes Kanter,202683,0.031747820722057,1.02857996822741,1.06032778894947,192,70,94,72,3023,3102,6125,771.6,762.266666666667,1533.86666666667,3353,3485,-132,54.7428571428571,78.6952364394993
Malcolm Brogdon,1627763,1.26904294943275,-0.214165482208465,1.05487746722428,44,261,95,75,3769,3793,7562,980.266666666667,980.983333333333,1961.25,4379,4191,188,57.9079608569162,80.3793499043977
Jeff Teague,201952,0.543157438167807,0.50492026345985,1.04807770162766,119,138,96,82,5150,5218,10368,1304.75,1326.38333333333,2631.13333333333,5884,5880,4,56.7515432098766,80.5067524767527
Monta Ellis,101145,0.0993733412704209,0.942568341115235,1.04194168238566,187,82,97,74,3845,3866,7711,969.783333333333,1002.41666666667,1972.2,4335,4368,-33,56.2183893139671,79.1299056890782
Bradley Beal,203078,-0.242511873508006,1.27391711668135,1.03140524317334,250,52,98,77,5297,5352,10649,1323.73333333333,1319.28333333333,2643.01666666667,5934,6214,-280,55.7235421166307,80.825824026838
Maurice Harkless,203090,-0.365536416409511,1.38406543451698,1.01852901810747,272,46,99,77,4435,4443,8878,1104.3,1088.85,2193.15,4921,5145,-224,55.4291507096193,80.7769646399015
Mike Conley,201144,0.394537953346814,0.623735132684892,1.01827308603171,137,124,100,69,4239,4400,8639,1075.98333333333,1184.55,2260.53333333333,4754,4889,-135,55.0295173052437,75.7095670638198
Reggie Jackson,202704,2.54962604881242,-1.53341587217688,1.01621017663554,14,411,101,52,2633,2842,5475,691.45,700.533333333333,1391.98333333333,3131,2917,214,57.1872146118722,80.9751074605778
Kyle Lowry,200768,-0.248985940273904,1.25649250084917,1.00750656057527,252,54,102,60,4269,4349,8618,1078.8,1121.95,2200.75,4730,4991,-261,54.8851241587375,77.3736226286493
Brandon Ingram,1627742,0.419622174432954,0.54646121145832,0.966083385891274,134,132,103,79,4552,4577,9129,1126.91666666667,1137.11666666667,2264.03333333333,5186,5147,39,56.8079745864826,82.4616834263335
Zaza Pachulia,2585,1.11290381088678,-0.172672806558928,0.940231004327852,60,254,104,70,2543,2523,5066,599.4,628.733333333333,1228.13333333333,3028,2776,252,59.7710225029609,88.7590923895343
Juancho Hernangomez,1627823,-0.906946643737661,1.8444783232518,0.937531679514138,344,31,105,62,1716,1710,3426,407.233333333333,429.866666666667,837.1,1907,2014,-107,55.6625802685347,82.0117070839804
JR Smith,2747,0.346367057384081,0.571801275852492,0.918168333236573,143,131,106,41,2336,2413,4749,589.1,590.316666666667,1179.41666666667,2695,2704,-9,56.7487892187829,82.2610047339787
Patrick Patterson,202335,-0.238442425010936,1.14197965620853,0.903537231197594,249,63,107,65,3079,3135,6214,780.45,815.216666666667,1595.66666666667,3403,3600,-197,54.7634373994207,76.7754334656361
Marcin Gortat,101162,0.290519821016334,0.607094282109271,0.897614103125605,154,128,108,82,5038,5081,10119,1271.96666666667,1248.56666666667,2520.53333333333,5694,5825,-131,56.2703824488586,81.3256453660601
Wilson Chandler,201163,-0.179481902267022,1.07525757714233,0.895775674875309,235,65,109,71,4443,4479,8922,1082.76666666667,1105.13333333333,2187.9,5023,5183,-160,56.2990360905627,82.6491155902921
Dante Cunningham,201967,-0.101878963000231,0.992383918316838,0.890504955316607,217,74,110,66,3296,3289,6585,802.366666666667,834.183333333333,1636.55,3614,3705,-91,54.8823082763857,79.4989459533775
Patrick Beverley,201976,0.739179916434576,0.143496003782547,0.882675920217123,95,197,111,67,4127,4095,8222,989.75,1019.68333333333,2009.43333333333,4837,4619,218,58.8299683775237,86.6572665593949
Klay Thompson,202691,1.09321191176224,-0.232374242018555,0.86083766974368,62,266,112,78,5275,5373,10648,1270.35,1331.55,2601.9,6261,5862,399,58.7997746055597,86.6274645451401
Richard Jefferson,2210,1.52997439870667,-0.686483663320651,0.843490735386018,32,327,113,79,3080,3203,6283,783.55,815.45,1599,3626,3506,120,57.7112844182715,81.6360225140713
T.J. Warren,203933,0.211143646699138,0.622621224547751,0.833764871246889,167,125,114,66,4212,4269,8481,1015.48333333333,1008.21666666667,2023.7,4804,4768,36,56.6442636481547,85.4593072095666
Julius Randle,203944,0.0357078360456822,0.781680597950894,0.817388433996577,191,104,115,74,4286,4326,8612,1039.05,1072.51666666667,2111.56666666667,4818,4913,-95,55.9451927542963,82.1418536000127
Ben McLemore,203463,0.312763721964953,0.466920020561994,0.779683742526948,150,144,116,61,2244,2201,4445,572.433333333333,586.95,1159.38333333333,2536,2495,41,57.0528683914511,78.7453100067565
Andre Iguodala,2738,1.2210939508542,-0.451212660203773,0.769881290650427,47,296,117,76,4033,4076,8109,977.833333333333,1029.55,2007.38333333333,4764,4412,352,58.7495375508694,85.43659656435
Kevin Seraphin,202338,0.501299097862495,0.262920169764335,0.76421926762683,125,176,118,47,1069,1108,2177,269.433333333333,284.966666666667,554.4,1202,1222,-20,55.2135966926964,78.0519480519481
Clint Capela,203991,1.15831756853539,-0.396033980453092,0.762283588082295,54,286,119,65,3104,3084,6188,748.783333333333,768.3,1517.08333333333,3661,3445,216,59.1628959276018,86.8745948915133
Pau Gasol,2200,-0.395373009448397,1.15638997778288,0.761016968334478,281,61,120,64,3086,3082,6168,793.133333333333,807.816666666667,1600.95,3349,3553,-204,54.2963683527886,75.3077860020613
KJ McDaniels,203909,0.388326230955384,0.351420234086993,0.739746465042376,138,163,121,49,1003,1024,2027,248.633333333333,257.55,506.183333333333,1124,1142,-18,55.4514060187469,79.9394158901584
Emmanuel Mudiay,1626144,-0.496823216439324,1.21594758311331,0.719124366673985,297,57,122,55,2863,2896,5759,681.066666666667,707.85,1388.91666666667,3186,3354,-168,55.3221045320368,82.5794684106318
Sam Dekker,1626155,0.173057810472609,0.541933874138287,0.714991684610896,176,134,123,77,2889,2873,5762,697.5,722.433333333333,1419.93333333333,3304,3242,62,57.3412009718848,83.7673130193906
Jonas Jerebko,201973,1.17686796457896,-0.464316812215706,0.71255115236325,51,299,124,78,2415,2461,4876,622.533333333333,609.7,1232.23333333333,2775,2669,106,56.9114027891715,81.0723077339249
Quincy Acy,203112,-0.56496076443305,1.27500279247198,0.710042028038934,306,51,125,38,1131,1101,2232,275,283.283333333333,558.283333333333,1235,1250,-15,55.331541218638,79.6369824163358
Thon Maker,1627748,0.384983465930899,0.294050401126048,0.679033867056947,139,171,126,56,1025,1043,2068,268.916666666667,272.433333333333,541.35,1183,1159,24,57.2050290135397,78.6699916874481
CJ Miles,101139,1.12322138893555,-0.457546541339601,0.665674847595952,59,298,127,76,3422,3438,6860,871.816666666667,888.883333333333,1760.7,3928,3762,166,57.2594752186589,80.3135116714943
Doug McDermott,203926,1.17514138384472,-0.524145181280109,0.650996202564616,52,306,128,66,2968,2999,5967,739.516666666667,764.533333333333,1504.05,3328,3237,91,55.7734204793028,79.6569262989927
Jordan Clarkson,203903,0.755057219026927,-0.104220562822583,0.650836656204344,92,243,129,82,4795,4802,9597,1177.91666666667,1202.21666666667,2380.13333333333,5487,5351,136,57.1741169115349,82.9919892443001
Russell Westbrook,201566,0.201608748599128,0.434570449531979,0.636179198131107,169,149,130,81,5629,5796,11425,1407.21666666667,1358.65,2765.86666666667,6224,6429,-205,54.4770240700219,81.0104126494408
Devin Booker,1626164,0.356592031219908,0.27794160602916,0.634533637249068,142,174,131,78,5572,5659,11231,1355.9,1343.73333333333,2699.63333333333,6388,6299,89,56.8782833229454,85.1849016533109
Nicolas Batum,201587,0.0316030915281816,0.599306849610619,0.630909941138801,193,129,132,77,5105,5176,10281,1265.05,1318.8,2583.85,5691,5791,-100,55.3545374963525,79.2909805135747
Joe Johnson,2207,-0.675503030652244,1.3012122208548,0.625709190202551,318,50,133,78,3409,3463,6872,883.483333333333,956.1,1839.58333333333,3697,3950,-253,53.7980209545984,72.3489920724802
David Lee,101135,-1.09727182993417,1.71321856560755,0.615946735673373,363,34,134,79,2807,2889,5696,729.566666666667,747.433333333333,1477,2978,3374,-396,52.2823033707865,72.5849695328368
Kemba Walker,202689,-0.193157959662388,0.79951650968129,0.606358550018902,237,102,135,79,5286,5443,10729,1308.88333333333,1395.53333333333,2704.41666666667,5872,6114,-242,54.7301705657564,78.1654700644008
Iman Shumpert,202697,0.743581262101101,-0.142552246157791,0.60102901594331,94,250,136,76,3712,3852,7564,949.683333333333,964.466666666667,1914.15,4318,4263,55,57.0861977789529,81.2099365253507
Aaron Gordon,203932,1.14488771686604,-0.554131442676896,0.59075627418914,57,312,137,80,4547,4632,9179,1123.83333333333,1137.85,2261.68333333333,5196,4964,232,56.6074735810001,82.7065386400984
Danilo Gallinari,201568,0.792956058532077,-0.21722139545229,0.575734663079787,89,263,138,63,4314,4337,8651,1033.7,1067.75,2101.45,4962,4904,58,57.3575309212808,85.0041637916677
Seth Curry,203552,0.565091388921895,-0.013802273166509,0.551289115755386,114,224,139,70,3745,3684,7429,1061.8,950.066666666667,2011.86666666667,4191,4122,69,56.4140530354018,74.9930412883558
Tony Snell,203503,0.640154066826659,-0.0905294126855514,0.549624654141108,105,241,140,80,4456,4505,8961,1147.76666666667,1152.18333333333,2299.95,5141,4992,149,57.3708291485325,80.4695754255527
Darrell Arthur,201589,0.537134451460612,0.000422680428108634,0.537557131888721,121,219,141,41,1269,1274,2543,316.166666666667,321.183333333333,637.35,1442,1440,2,56.704679512387,81.4497528830313
Tyler Ennis,203898,-0.547622705521194,1.0802132812893,0.532590575768108,305,64,142,53,1097,1151,2248,281.883333333333,297.433333333333,579.316666666667,1224,1314,-90,54.4483985765125,76.0620271008947
DeMar DeRozan,201942,0.107821393261479,0.397721553566217,0.505542946827696,186,156,143,74,5148,5202,10350,1277.68333333333,1324.86666666667,2602.55,5758,5855,-97,55.6328502415459,79.648037501681
Randy Foye,200751,0.108395859034893,0.380136697657308,0.488532556692201,185,158,144,69,2575,2629,5204,621.233333333333,637.566666666667,1258.8,2877,2928,-51,55.2843966179862,82.278360343184
Chris Paul,101108,0.680059027525673,-0.200540274016611,0.479518753509062,101,257,145,61,3743,3773,7516,942.166666666667,947.816666666667,1889.98333333333,4367,4139,228,58.102714209686,83.1816859055195
Myles Turner,1626167,0.269451795858347,0.20881002692286,0.478261822781207,158,185,146,81,4889,4903,9792,1253.36666666667,1250.73333333333,2504.1,5551,5506,45,56.6891339869281,79.8035222235534
Larry Nance Jr.,1626204,-0.158180614828057,0.63019903646896,0.472018421640903,228,122,147,63,2819,2848,5667,706.966666666667,722.266666666667,1429.23333333333,3181,3216,-35,56.1319922357508,80.1240758448586
Kevin Love,201567,0.678834400647349,-0.210727172381662,0.468107228265687,102,260,148,60,3809,3759,7568,935.95,926.433333333333,1862.38333333333,4416,4167,249,58.3509513742072,85.3615886453738
Patty Mills,201988,-0.489048314600354,0.956297489462893,0.467249174862539,296,78,149,80,3427,3482,6909,881.75,882.833333333333,1764.58333333333,3698,4025,-327,53.5243884787958,75.4444391971665
Meyers Leonard,203086,-0.268822280412716,0.728692282434817,0.459870002022102,255,109,150,74,2426,2377,4803,617.333333333333,596.116666666667,1213.45,2691,2703,-12,56.0274828232355,79.8351806831761
CJ McCollum,203468,-0.363121809188809,0.822114494752961,0.458992685564152,270,98,151,80,5566,5537,11103,1384.93333333333,1372.75,2757.68333333333,6181,6317,-136,55.6696388363505,80.6894676086812
Lavoy Allen,202730,0.502887326513493,-0.0456914878346463,0.457195838678846,124,233,152,61,1707,1720,3427,426.216666666667,444.933333333333,871.15,1929,1887,42,56.2882988036183,79.7153188314297
Yogi Ferrell,1627812,-0.499428244165518,0.95016937553147,0.450741131365952,298,79,153,46,2277,2263,4540,618.55,566.4,1184.95,2506,2591,-85,55.1982378854626,76.1348580108866
Damjan Rudez,204014,1.25124362119576,-0.804118139590017,0.447125481605746,45,348,154,44,594,616,1210,153.333333333333,155.983333333333,309.316666666667,668,651,17,55.2066115702479,77.7455681879412
James Young,203923,-2.58246006827516,3.0241199200404,0.441659851765246,431,16,155,29,436,436,872,111.383333333333,107.233333333333,218.616666666667,451,515,-64,51.7201834862385,74.2669817793703
Jameer Nelson,2749,0.61448260086737,-0.178070534342967,0.436412066524404,109,256,156,75,4138,4104,8242,992.8,1029.08333333333,2021.88333333333,4760,4649,111,57.752972579471,84.7526645948909
Pascal Siakam,1627783,1.1477203034236,-0.718396971573298,0.429323331850306,56,334,157,55,1614,1660,3274,410.55,428.183333333333,838.733333333333,1834,1832,2,56.0171044593769,78.7187028058183
Davis Bertans,202722,1.21075875622905,-0.800188794355983,0.410569961873065,48,347,158,67,1567,1548,3115,405.15,399.883333333333,805.033333333333,1727,1691,36,55.4414125200642,77.2291002442963
Markieff Morris,202693,-0.401392954152304,0.803211788018672,0.401818833866368,283,101,159,76,4624,4668,9292,1161.03333333333,1155.33333333333,2316.36666666667,5167,5359,-192,55.6069737408524,80.303348635075
Chandler Parsons,202718,0.822517363506401,-0.428124930680121,0.39439243282628,87,294,160,34,1234,1252,2486,315.683333333333,341.8,657.483333333333,1407,1372,35,56.5969428801287,77.0392151892317
Al Horford,201143,0.677527315930917,-0.291799561337739,0.385727754593178,103,275,161,68,4261,4404,8665,1070.26666666667,1084.31666666667,2154.58333333333,4947,4790,157,57.0917484131564,82.6572809901373
Deron Williams,101114,0.199418973395058,0.177700874445933,0.377119847840992,170,192,162,64,3052,3081,6133,837.8,797.666666666667,1635.46666666667,3416,3452,-36,55.6986792760476,75.1932170226643
T.J. McConnell,204456,0.157225717930278,0.209500798499128,0.366726516429405,181,184,163,81,4237,4278,8515,1058.2,1058.98333333333,2117.18333333333,4724,4696,28,55.4785672342924,80.3255898166589
Zach LaVine,203897,0.876963590737307,-0.510735944582455,0.366227646154852,79,305,164,47,3351,3381,6732,844.716666666667,872.733333333333,1717.45,3859,3718,141,57.3232323232323,80.8896911118228
Tobias Harris,202699,0.359524028187849,-0.00357479131286576,0.355949236874983,141,221,165,82,4887,5042,9929,1268.15,1268.98333333333,2537.13333333333,5507,5382,125,55.4637929298016,78.140158183777
Matthew Dellavedova,203521,0.168175450699013,0.186701144558468,0.354876595257481,179,190,166,76,3821,3833,7654,978.433333333333,987.933333333333,1966.36666666667,4352,4270,82,56.8591586098772,79.6758827617772
Austin Rivers,203085,0.265618077861489,0.0859927820678416,0.351610859929331,159,209,167,74,4016,4047,8063,1018.76666666667,1019.5,2038.26666666667,4579,4485,94,56.7902765719955,80.8745993327664
Jason Smith,201160,-0.125591474805113,0.476661384646702,0.351069909841589,222,143,168,74,2138,2098,4236,537.75,536.3,1074.05,2379,2349,30,56.1614730878187,79.7393045016526
Marc Gasol,201188,0.239150710468396,0.107760325010802,0.346911035479199,162,206,169,74,4666,4827,9493,1187.75,1306.7,2494.45,5216,5295,-79,54.9457494996313,75.2775160857103
Draymond Green,203110,0.552365714296154,-0.207868763675825,0.344496950620329,116,258,170,76,5004,4993,9997,1183.43333333333,1244.1,2427.53333333333,5910,5460,450,59.1177353205962,87.644522560624
DeAndre Liggins,202732,-0.138088312703249,0.457467210577494,0.319378897874245,223,146,171,61,1482,1495,2977,384.2,375.816666666667,760.016666666667,1676,1674,2,56.2982868659725,79.3877327251595
Brandon Knight,202688,3.03927550550764,-2.73141580977263,0.307859695735001,10,439,172,54,2288,2311,4599,567.65,572.85,1140.5,2766,2372,394,60.143509458578,87.3090749671197
Jae Crowder,203109,1.29938771793965,-1.00537069570924,0.294017022230413,43,369,173,72,4611,4692,9303,1141,1154,2295,5417,5037,380,58.2285284316887,84.9725490196079
Ricky Rubio,201937,-0.0961825529051282,0.386283991517061,0.290101438611933,214,157,174,75,4763,4844,9607,1184.61666666667,1246.25,2430.86666666667,5429,5465,-36,56.5108774851671,80.4009543921235
Ty Lawson,201951,-0.764734279737616,1.03937631052708,0.274642030789464,329,68,175,69,3366,3361,6727,846.016666666667,874.233333333333,1720.25,3727,3839,-112,55.4035974431396,77.9956401685802
Jamal Murray,1627750,-0.0468417886341767,0.319855231367974,0.273013442733797,208,168,176,82,3567,3584,7151,859.35,896.516666666667,1755.86666666667,4022,4085,-63,56.243881974549,82.4618422051788
Alonzo Gee,202087,1.01500847848928,-0.757336170538649,0.257672307950627,65,340,177,12,176,192,368,43.3833333333333,45.4666666666667,88.85,203,211,-8,55.1630434782609,82.2509848058526
Marreese Speights,201578,0.208341494680263,0.0418529765440106,0.250194471224273,168,215,178,82,2496,2497,4993,641.616666666667,645.266666666667,1286.88333333333,2801,2783,18,56.0985379531344,78.3567533964488
J.J. Barea,200826,-0.173955705471365,0.415630331601418,0.241674626130054,233,153,179,35,1447,1404,2851,398.783333333333,369,767.783333333333,1592,1583,9,55.8400561206594,74.6460590010203
Boris Diaw,2564,0.928459285275003,-0.689076150586275,0.239383134688727,75,328,180,73,2354,2336,4690,617.816666666667,645.1,1262.91666666667,2643,2561,82,56.3539445628998,75.3398878258001
Derrick Rose,201565,-0.386101281043585,0.616271270328447,0.230169989284862,279,127,181,64,4261,4258,8519,1037.91666666667,1020.53333333333,2058.45,4675,4695,-20,54.8773330203076,81.7605479851345
Jerami Grant,203924,-0.00777960662677318,0.235327088511258,0.227547481884485,203,180,182,80,3078,3096,6174,781.616666666667,750.283333333333,1531.9,3408,3420,-12,55.1992225461613,80.0887786409034
Goran Dragic,201609,0.442905668840884,-0.21713498918675,0.225770679654134,133,262,183,73,4852,4850,9702,1214.68333333333,1210.56666666667,2425.25,5407,5255,152,55.7307771593486,80.2605916915782
Cory Joseph,202709,0.959072421884023,-0.74598958382885,0.213082838055172,71,338,184,80,3903,3951,7854,969.3,1022.56666666667,1991.86666666667,4419,4367,52,56.2643239113827,79.8667916192516
Sean Kilpatrick,203930,0.340851565303521,-0.134413996951543,0.206437568351977,144,248,185,70,3619,3590,7209,866.45,878.5,1744.95,4042,3946,96,56.0688028852823,83.3903550244993
Avery Bradley,202340,-0.0953342188917125,0.297802603787606,0.202468384895893,213,169,186,55,3614,3700,7314,897.25,915.083333333333,1812.33333333333,4127,4058,69,56.4260322668854,81.9782968548832
DeAndre Jordan,201599,0.860376493586255,-0.67796715260674,0.182409340979515,82,326,187,81,5008,5083,10091,1256.53333333333,1270.73333333333,2527.26666666667,5859,5529,330,58.0616390843326,83.4593368329421
Brandon Rush,201575,0.495545929377993,-0.323211420022526,0.172334509355467,127,277,188,47,2002,1983,3985,498.333333333333,512.733333333333,1011.06666666667,2301,2217,84,57.741530740276,81.929315574311
Harrison Barnes,203084,-0.487057424524209,0.655173915051977,0.168116490527768,294,121,189,79,5170,5111,10281,1443.38333333333,1322.11666666667,2765.5,5677,5780,-103,55.2183639723762,73.9005604773097
Tim Frazier,204025,-0.381206227414431,0.528783510050851,0.14757728263642,277,135,190,65,3012,3046,6058,740.183333333333,772.216666666667,1512.4,3271,3410,-139,53.9947177286233,77.8603544035969
Wayne Ellington,201961,0.17178534520413,-0.0251373491301823,0.146647996073947,177,227,191,62,2947,2914,5861,751.15,737.866666666667,1489.01666666667,3286,3168,118,56.0655178297219,79.4457192106648
Wesley Matthews,202083,-0.3988008192386,0.525581902510274,0.126781083271673,282,136,192,73,4621,4575,9196,1291.23333333333,1173.73333333333,2464.96666666667,5084,5160,-76,55.2849064810787,74.2500912791248
Vince Carter,1713,-0.303866198868684,0.426796395971911,0.122930197103227,260,151,193,73,3332,3479,6811,851.783333333333,943.683333333333,1795.46666666667,3671,3834,-163,53.8981060049919,73.6053765037873
Jordan McRae,203895,-0.761315180676461,0.883842762544635,0.122527581868174,328,91,194,37,732,772,1504,193.45,184.316666666667,377.766666666667,812,877,-65,53.9893617021277,77.3810994441013
Caris LeVert,1627747,-0.0437604611651584,0.156488835663326,0.112728374498167,207,195,195,57,2575,2590,5165,606.583333333333,619.416666666667,1226,2864,2868,-4,55.4501452081317,84.0978792822186
Jeremy Lamb,203087,-0.0995013508853419,0.198347622012985,0.0988462711276435,216,189,196,62,2223,2231,4454,547.25,590.566666666667,1137.81666666667,2471,2470,1,55.4782218230804,78.181312162182
Nikola Mirotic,202703,0.590895846742791,-0.496015145759456,0.0948807009833347,111,302,197,70,3290,3326,6616,825.333333333333,848.05,1673.38333333333,3653,3575,78,55.214631197098,78.5880899973108
Gerald Henderson,201945,0.825871672418143,-0.731380454019709,0.0944912183984343,86,335,198,72,3291,3334,6625,829.833333333333,825.316666666667,1655.15,3726,3584,142,56.2415094339623,81.0415974382986
Giannis Antetokounmpo,203507,0.475404203221322,-0.391813333336616,0.0835908698847059,129,285,199,80,5393,5417,10810,1404.78333333333,1398.68333333333,2803.46666666667,6186,5960,226,57.2247918593895,79.4359364596214
Nik Stauskas,203917,0.286304434425454,-0.209573600452603,0.0767308339728507,155,259,200,80,4343,4346,8689,1095.66666666667,1082.28333333333,2177.95,4852,4724,128,55.8407181493843,80.200188250419
Brandon Jennings,201943,0.7227073542927,-0.65049130413329,0.0722160501594099,96,323,201,81,3652,3652,7304,902.683333333333,895.216666666667,1797.9,4091,3936,155,56.0104052573932,81.9155681628567
Denzel Valentine,1627756,-0.659168122857162,0.711229919288719,0.0520617964315568,315,111,202,57,1910,1884,3794,487.866666666667,485.333333333333,973.2,2060,2091,-31,54.2962572482868,76.2022194821208
Marcus Smart,203935,0.067013564267059,-0.0240836934711017,0.0429298707959573,188,226,203,79,4804,4797,9601,1204.65,1196.43333333333,2401.08333333333,5439,5248,191,56.6503489219873,81.548190053101
Tiago Splitter,201168,4.32787093912101,-4.28903464382044,0.0388362953005723,4,451,204,8,153,166,319,36.7666666666667,39.7166666666667,76.4833333333333,188,167,21,58.9341692789969,88.4898670734365
Jonas Valanciunas,202685,-0.160100568613534,0.1835734674342,0.0234728988206661,229,191,205,80,3945,4039,7984,990.683333333333,1036.85,2027.53333333333,4393,4534,-141,55.0225450901804,78.0001972840562
,,6.20490429724611e-06,2.69108527346233e-06,8.89598957070844e-06,200,220,206,,,,,,,,,,,,
Jeremy Lin,202391,0.218620904032519,-0.219644273745719,-0.00102336971319972,165,264,207,36,1849,1848,3697,433.1,437.9,871,2077,2018,59,56.1806870435488,85.8461538461538
Courtney Lee,201584,-0.207106810305915,0.166142764938621,-0.0409640453672938,240,194,208,77,4888,4941,9829,1207.21666666667,1209.53333333333,2416.75,5386,5406,-20,54.7970291993082,80.2300610323782
Gordon Hayward,202330,-0.529313968121501,0.484266065797174,-0.0450479023243263,303,140,209,73,4705,4647,9352,1211.01666666667,1274.43333333333,2485.45,5115,5218,-103,54.6941830624465,74.0871874308475
Paul Millsap,200794,0.194326661984502,-0.251696812028444,-0.0573701500439421,171,268,210,69,4595,4617,9212,1135,1179.1,2314.1,5077,5063,14,55.1128962223187,78.9818936087464
Mike Muscala,203488,-0.982035851892196,0.922815896682888,-0.0592199552093079,354,85,211,70,2429,2435,4864,605.95,632.633333333333,1238.58333333333,2605,2736,-131,53.5567434210526,75.7155352216914
DeAndre' Bembry,1627761,-0.916833821204428,0.857564353192937,-0.0592694680114914,346,94,212,37,720,712,1432,183.25,186.816666666667,370.066666666667,756,795,-39,52.7932960893855,73.5435056746532
Troy Daniels,203584,-0.123564796599566,0.0603161168440376,-0.0632486797555284,220,211,213,67,2231,2329,4560,570.616666666667,613.4,1184.01666666667,2459,2521,-62,53.9254385964912,74.7658394448276
Nene,2403,-0.267564581990512,0.201508948025325,-0.0660556339651874,254,188,214,67,2483,2461,4944,597.65,607.616666666667,1205.26666666667,2833,2774,59,57.3017799352751,84.6186182864097
Dennis Schroder,203471,-0.359232689602217,0.286066578485828,-0.0731661111163888,269,173,215,79,4870,4947,9817,1189.61666666667,1256.41666666667,2446.03333333333,5322,5468,-146,54.2120810838342,78.3276324934247
Sergio Rodriguez,200771,-0.039078794438209,-0.0386963715014379,-0.0777751659396469,206,231,216,68,2964,2984,5948,754.433333333333,741.683333333333,1496.11666666667,3276,3245,31,55.0773369199731,78.8280771330222
Kelly Oubre Jr.,1626162,-0.62243184788553,0.543334913189079,-0.0790969346964514,313,133,217,79,3190,3129,6319,796,798.7,1594.7,3536,3514,22,55.9582212375376,79.8244183859033
Dion Waiters,203079,-0.696100103751832,0.578020166995439,-0.118079936756393,319,130,218,46,2682,2738,5420,672.883333333333,692.233333333333,1365.11666666667,2910,3017,-107,53.690036900369,76.740693713602
Semaj Christon,203902,-0.124439555132467,0.0031875241601581,-0.121252030972308,221,217,219,64,1878,1886,3764,488.233333333333,479.6,967.833333333333,2068,2075,-7,54.9415515409139,76.9223351127949
Will Barton,203115,-0.250335255917059,0.111551956196953,-0.138783299720106,253,202,220,60,3446,3421,6867,831.783333333333,861.1,1692.88333333333,3864,3892,-28,56.2691131498471,82.1698679767261
Stanley Johnson,1626169,0.550125248299185,-0.704576046966817,-0.154450798667632,117,330,221,77,2581,2736,5317,673.233333333333,699.633333333333,1372.86666666667,2880,2900,-20,54.1658830167388,75.5208080415675
Carmelo Anthony,2546,0.237441633607198,-0.404786555002767,-0.167344921395569,164,290,222,74,5125,5177,10302,1248.56666666667,1259.5,2508.06666666667,5687,5617,70,55.2028732284993,81.629409106616
Kris Dunn,1627739,-0.228810748598935,0.0572899841239345,-0.171520764475001,246,212,223,78,2584,2557,5141,657.5,667.65,1325.15,2904,2826,78,56.4870647733904,78.8922008829189
Elfrid Payton,203901,-0.0544861148671834,-0.117491747407471,-0.171977862274654,209,244,224,82,4840,4873,9713,1192.03333333333,1194.31666666667,2386.35,5400,5276,124,55.5955935344384,81.463322647558
Hassan Whiteside,202355,-0.121059934523235,-0.0512146221611561,-0.172274556684391,219,235,225,77,4905,4916,9821,1229.5,1245.66666666667,2475.16666666667,5403,5346,57,55.0147642806232,78.5837990707696
Justin Anderson,1626147,-1.5229893581422,1.34884848052409,-0.174140877618113,392,48,226,75,2415,2322,4737,633.983333333333,586.566666666667,1220.55,2583,2667,-84,54.5281823939202,76.1853262873295
Rajon Rondo,200765,-0.997146802302085,0.813148566949191,-0.183998235352894,356,99,227,69,3611,3662,7273,897.85,927.016666666667,1824.86666666667,3890,4027,-137,53.485494293964,76.7398531399554
Thaddeus Young,201152,-0.235977841251453,0.0453724112160162,-0.190605430035437,248,213,228,74,4306,4384,8690,1086.26666666667,1113.45,2199.71666666667,4840,4889,-49,55.6962025316456,79.2102013138056
Gorgui Dieng,203476,0.176803577629149,-0.37456403387827,-0.197760456249121,174,283,229,82,5096,5155,10251,1285.11666666667,1332.06666666667,2617.18333333333,5826,5733,93,56.8334796605209,80.1380619113423
Ed Davis,202334,1.10184690060489,-1.32747273796418,-0.225625837359286,61,395,230,46,1557,1578,3135,387.483333333333,397.666666666667,785.15,1781,1716,65,56.8102073365231,81.6608291409285
Kentavious Caldwell-Pope,203484,0.705894517078936,-0.939685933387466,-0.233791416308529,97,361,231,76,4861,5106,9967,1243.53333333333,1258.71666666667,2502.25,5547,5331,216,55.6536570683255,79.8049755220302
Rodney Hood,203918,-0.2095914563759,-0.0288023510189863,-0.238393807394886,241,228,232,59,2953,2926,5879,766,799.166666666667,1565.16666666667,3212,3246,-34,54.6351420309577,73.8783942072197
Georges Niang,1627777,-2.19935034970055,1.95836816862137,-0.240982181079176,419,26,233,22,179,194,373,41.3833333333333,48.7,90.0833333333333,184,218,-34,49.3297587131367,73.531914893617
Rondae Hollis-Jefferson,1626178,0.141046692508352,-0.391726520219251,-0.250679827710899,183,284,234,78,3592,3673,7265,860.016666666667,883.033333333333,1743.05,4018,4025,-7,55.3062629043359,82.9855712687531
Lucas Nogueira,203512,-1.92140835972701,1.66654209829535,-0.254866261431661,410,35,235,56,2180,2129,4309,544.966666666667,541.266666666667,1086.23333333333,2326,2479,-153,53.9800417730332,77.0884094884463
Serge Ibaka,201586,-0.0990917783716536,-0.160978875074061,-0.260070653445715,215,253,236,79,4695,4742,9437,1188.05,1189.3,2377.35,5232,5140,92,55.4413478859807,79.2277115275412
Corey Brewer,201147,0.448711287168578,-0.717208699593825,-0.268497412425247,131,333,237,82,2550,2548,5098,629.883333333333,643.433333333333,1273.31666666667,2922,2809,113,57.3165947430365,82.6125996413566
Buddy Hield,1627741,-0.600100426592038,0.331432962400944,-0.268667464191095,309,166,238,82,3694,3712,7406,907.866666666667,949.116666666667,1856.98333333333,4013,4128,-115,54.1857953011072,77.7971441136611
Derrick Jones Jr.,1627884,1.62239539170098,-1.89108520497997,-0.268689813278992,28,429,239,32,1117,1132,2249,270.266666666667,268.2,538.466666666667,1284,1188,96,57.0920409070698,85.8437538690108
Andre Drummond,203083,0.974969976917934,-1.26393275198033,-0.288962775062392,70,393,240,81,4562,4817,9379,1182.21666666667,1193.28333333333,2375.5,5262,4987,275,56.1040622667662,79.744053883393
Ron Baker,1627758,-0.00458792876115128,-0.286797221944474,-0.291385150705625,201,274,241,52,1646,1696,3342,420.766666666667,427.383333333333,848.15,1804,1845,-41,53.9796529024536,76.5713611979013
Bobby Brown,201628,-0.962409190729048,0.668380554208562,-0.294028636520486,352,120,242,23,256,264,520,60.6166666666667,61.85,122.466666666667,284,309,-25,54.6153846153846,83.4839412084921
Gary Payton II,1627780,-3.69891519809506,3.3981175784292,-0.300797619665863,441,8,243,6,188,182,370,50.6833333333333,48.15,98.8333333333333,193,216,-23,52.1621621621622,70.3001686340641
Dorian Finney-Smith,1627827,-0.228942412762353,-0.0771001295777484,-0.306042542340101,247,240,244,81,3040,3028,6068,830.916666666667,787.6,1618.51666666667,3325,3396,-71,54.7956493078444,73.9566063576732
PJ Tucker,200782,-0.427379851468575,0.109875405272306,-0.317504446196269,287,204,245,81,4407,4483,8890,1108.28333333333,1121.33333333333,2229.61666666667,4965,4943,22,55.8492688413948,80.1662468137273
Mindaugas Kuzminskas,1627851,0.00839033484509695,-0.327574949876841,-0.319184615031744,198,279,246,68,2015,2052,4067,505.9,510.366666666667,1016.26666666667,2206,2227,-21,54.2414556183919,78.1448438729992
Jaylen Brown,1627759,-0.656905528343785,0.337005933968607,-0.319899594375178,314,165,247,78,2601,2646,5247,663.066666666667,663.516666666667,1326.58333333333,2895,2915,-20,55.1743853630646,78.5627237891827
E'Twaun Moore,202734,-0.479429631207802,0.110761973254181,-0.368667657953621,293,203,248,73,3635,3686,7321,889.716666666667,921.05,1810.76666666667,3939,4091,-152,53.8041251195192,78.3115807300775
Dirk Nowitzki,1717,-0.214936040742105,-0.15694140653753,-0.371877447279636,242,252,249,54,2700,2705,5405,734.316666666667,667.616666666667,1401.93333333333,2993,3014,-21,55.3746530989824,76.8567216700747
Terrence Jones,203093,-0.669347972219111,0.291871029837252,-0.37747694238186,316,172,250,54,2539,2556,5095,626.016666666667,641.3,1267.31666666667,2711,2816,-105,53.2090284592738,77.0099554176147
Ivica Zubac,1627826,-1.7201135785301,1.32388931943854,-0.396224259091558,399,49,251,38,1254,1252,2506,302.5,301.366666666667,603.866666666667,1372,1455,-83,54.7486033519553,81.7928902627512
Boban Marjanovic,1626246,0.0165020580496241,-0.413136452151914,-0.39663439410229,196,291,252,34,555,592,1147,141.35,150.216666666667,291.566666666667,610,633,-23,53.1822144725371,75.31725162913
Spencer Hawes,201150,1.01535037052758,-1.42405015887692,-0.408699788349341,64,405,253,53,1588,1572,3160,397.05,400.116666666667,797.166666666667,1810,1682,128,57.2784810126582,81.7394940413966
Dario Saric,203967,-0.435266781038874,0.0122957685756915,-0.422971012463182,288,216,254,81,4242,4242,8484,1065.56666666667,1054.5,2120.06666666667,4676,4646,30,55.1155115511551,79.4012766894123
Malcolm Delaney,1627098,-0.509934158079234,0.0863018041311092,-0.423632353948124,301,208,255,73,2428,2384,4812,619.866666666667,628.416666666667,1248.28333333333,2622,2627,-5,54.4887780548628,75.6174479618677
Marvin Williams,101107,0.310636444012394,-0.735539977707138,-0.424903533694744,151,337,256,76,4397,4504,8901,1091.65,1158.31666666667,2249.96666666667,4938,4915,23,55.4769127064375,79.0091705062297
DeMarre Carroll,201960,-0.506975263796738,0.0692742624704857,-0.437701001326252,300,210,257,72,3647,3653,7300,913.35,935.166666666667,1848.51666666667,4032,4089,-57,55.2328767123288,78.5235008249858
Ersan Ilyasova,101141,0.396073442939083,-0.848813816812981,-0.452740373873898,136,354,258,82,4220,4308,8528,1036.93333333333,1076.98333333333,2113.91666666667,4707,4597,110,55.1946529080675,80.1602081444396
Luc Mbah a Moute,201601,0.588050673790194,-1.04454204695314,-0.456491373162944,112,374,259,80,3472,3527,6999,861.55,887.7,1749.25,4044,3809,235,57.7796828118303,83.2265256538517
Joffrey Lauvergne,203530,0.271572270057466,-0.731875713558105,-0.460303443500639,157,336,260,70,1945,1950,3895,494.266666666667,487.683333333333,981.95,2159,2098,61,55.4300385109114,79.1527063496105
Glenn Robinson III,203922,-0.367217470725038,-0.101208135046713,-0.46842560577175,274,242,261,69,2764,2834,5598,688.133333333333,721.416666666667,1409.55,3064,3111,-47,54.7338335119686,78.2547621581356
Brook Lopez,201572,-0.487607422284965,0.00103936473044308,-0.486568057554522,295,218,262,75,4587,4593,9180,1084.05,1100.35,2184.4,5055,5060,-5,55.0653594771242,83.3089177806263
C.J. Watson,201228,-0.36712382125641,-0.140368542212823,-0.507492363469233,273,249,263,62,1941,1986,3927,500.766666666667,501.216666666667,1001.98333333333,2135,2129,6,54.367201426025,76.7078627389012
Maurice Ndour,1626254,-0.74002506439553,0.222407953341701,-0.517617111053828,326,182,264,32,634,649,1283,162.2,164.333333333333,326.533333333333,681,717,-36,53.078721745908,75.0796243364639
Justin Hamilton,203120,0.316653526557287,-0.846231945287229,-0.529578418729942,149,352,265,64,2406,2410,4816,583.816666666667,588.75,1172.56666666667,2703,2598,105,56.125415282392,82.9871791227222
Willie Cauley-Stein,1626161,-0.878219895703181,0.338787953622115,-0.539431942081066,339,164,266,75,2732,2685,5417,691.333333333333,716.983333333333,1408.31666666667,3015,3041,-26,55.658113346871,77.0707345649061
JaMychal Green,203210,-0.422371150506211,-0.12128265090318,-0.543653801409391,285,245,267,77,3835,3959,7794,988.666666666667,1069.16666666667,2057.83333333333,4235,4329,-94,54.3366692327431,74.0876326233093
Andrew Nicholson,203094,1.45269599523255,-2.00084190785547,-0.54814591262292,36,431,268,38,669,661,1330,168.766666666667,175.55,344.316666666667,778,689,89,58.4962406015038,81.3437242848153
Gerald Green,101123,-0.773116707165528,0.20804497946622,-0.565071727699308,330,186,269,47,1077,1063,2140,271.15,265.45,536.6,1182,1173,9,55.2336448598131,79.2992918374953
Jarrod Uthoff,1627784,-4.23383710844252,3.66349734226964,-0.570339766172881,446,7,270,9,223,221,444,58.2333333333333,55.6166666666667,113.85,219,269,-50,49.3243243243243,69.2490118577075
George Hill,201588,-0.442999086973935,-0.133846736807585,-0.57684582378152,289,247,271,49,2844,2870,5714,730.666666666667,788,1518.66666666667,3108,3195,-87,54.3927196359818,73.675153643547
Shabazz Muhammad,203498,-0.033283402637973,-0.558100128227224,-0.591383530865197,205,313,272,78,2933,2991,5924,740.233333333333,776.183333333333,1516.41666666667,3313,3276,37,55.9250506414585,78.6512062427873
Matt Barnes,2440,0.0455253965861213,-0.638900795392427,-0.593375398806306,190,320,273,74,3403,3456,6859,866.366666666667,909.7,1776.06666666667,3861,3802,59,56.2910045196093,78.2605758042116
Steven Adams,203500,-0.704064189878709,0.109326427243103,-0.594737762635606,321,205,274,80,4749,4864,9613,1196.28333333333,1151.15,2347.43333333333,5167,5364,-197,53.750130032248,79.2405890121125
Thabo Sefolosha,200757,-0.58081337169571,-0.019817200370333,-0.600630572066043,307,225,275,62,3129,3118,6247,777.533333333333,801.533333333333,1579.06666666667,3408,3430,-22,54.5541860092845,77.6965295955417
Langston Galloway,204038,-1.2371181558139,0.621437965586838,-0.615680190227061,376,126,276,74,2987,2951,5938,738.5,756.783333333333,1495.28333333333,3172,3316,-144,53.4186594813068,76.3681353589621
Rodney McGruder,203585,-0.289618869083569,-0.33240598176432,-0.622024850847889,259,281,277,78,3788,3849,7637,959.166666666667,971.2,1930.36666666667,4162,4157,5,54.4978394657588,77.6184144635734
Isaiah Whitehead,1627785,-1.57285240166778,0.944714218880045,-0.628138182787733,395,81,278,73,3363,3331,6694,810.833333333333,813.6,1624.43333333333,3616,3741,-125,54.0185240513893,80.1362526419469
Anderson Varejao,2760,-3.87170837117745,3.23070952818077,-0.640998842996672,444,12,279,14,187,192,379,43.7666666666667,48.6666666666667,92.4333333333333,191,228,-37,50.3957783641161,74.388748647674
Anthony Morrow,201627,1.46356437805497,-2.10628349298875,-0.642719114933783,33,433,280,49,1435,1454,2889,355.2,358.05,713.25,1632,1516,116,56.4901349948079,82.3722397476341
Tony Allen,2754,-0.323674409194953,-0.331602893610631,-0.655277302805584,264,280,281,71,3477,3658,7135,890.933333333333,990.4,1881.33333333333,3857,3987,-130,54.0574632095305,73.8051027639972
Eric Gordon,201569,0.337075107619298,-1.00258859094515,-0.665513483325849,146,368,282,75,4781,4767,9548,1146.23333333333,1175.55,2321.78333333333,5529,5272,257,57.9074151654797,85.7289296302411
Shelvin Mack,202714,-0.146853246512416,-0.531959344726691,-0.678812591239106,225,308,283,55,2267,2216,4483,595.45,606.933333333333,1202.38333333333,2480,2448,32,55.3200981485612,74.2525262326213
Kay Felder,1627770,-0.427192065723736,-0.267107071675231,-0.694299137398967,286,271,284,42,705,768,1473,183.983333333333,194,377.983333333333,785,853,-68,53.2926001357773,74.7652012875347
Rashad Vaughn,1626173,-0.0580270947923876,-0.650304398773643,-0.708331493566031,210,321,285,41,862,861,1723,228.2,227.733333333333,455.933333333333,966,941,25,56.0650029019153,76.2743091095189
Patrick McCaw,1627775,-1.03791396230888,0.325996899978384,-0.711917062330495,358,167,286,71,2168,2194,4362,530.883333333333,539,1069.88333333333,2419,2426,-7,55.4562127464466,81.3957908183135
Solomon Hill,203524,-0.320649534497117,-0.399607771615839,-0.720257306112956,262,288,287,80,4697,4758,9455,1140.11666666667,1199.08333333333,2339.2,5117,5181,-64,54.1195134849286,78.75
Al-Farouq Aminu,202329,-0.87670511800928,0.140276422167591,-0.736428695841689,338,198,288,61,3485,3455,6940,891.316666666667,873.95,1765.26666666667,3831,3925,-94,55.2017291066283,78.1275727935345
Jimmy Butler,202710,0.261049679166269,-1.01080522005442,-0.74975554088815,161,370,289,76,5529,5570,11099,1378.2,1403.13333333333,2781.33333333333,6085,5934,151,54.8247589872962,78.7607861936721
Amir Johnson,101161,0.975151671321276,-1.7336494654609,-0.758497794139625,69,423,290,80,3152,3141,6293,784.383333333333,782.633333333333,1567.01666666667,3684,3311,373,58.5412362942953,84.6347092670786
Rudy Gay,200752,-0.696502425744495,-0.0716768148428186,-0.768179240587314,320,239,291,30,1949,1955,3904,491.116666666667,506.75,997.866666666667,2172,2179,-7,55.6352459016394,78.3591662212721
James Johnson,201949,0.00378964839282268,-0.78559134316219,-0.781801694769368,199,345,292,76,4124,4068,8192,1055.26666666667,1030.33333333333,2085.6,4540,4370,170,55.419921875,78.3659378596088
Derrick Favors,202324,-0.17032781872947,-0.626372883530492,-0.796700702259962,231,316,293,50,2175,2168,4343,569.8,597.066666666667,1166.86666666667,2376,2379,-3,54.7087266866222,73.3040050277095
David Nwaba,1628021,0.989120558184151,-1.79234634884285,-0.803225790658702,68,427,294,20,794,798,1592,204.133333333333,205.1,409.233333333333,926,865,61,58.1658291457287,81.4596399771931
Trey Burke,203504,0.147612848580002,-0.95259421393748,-0.804981365357479,182,362,295,57,1376,1324,2700,347.65,353.933333333333,701.583333333333,1545,1421,124,57.2222222222222,79.2778239695926
Raymond Felton,101109,-0.216299504282481,-0.611143182640768,-0.827442686923249,243,315,296,80,3339,3360,6699,849.533333333334,849.45,1698.98333333333,3752,3693,59,56.0083594566353,79.501662759101
Derrick Williams,202682,0.30786871739849,-1.14915563462592,-0.841286917227435,152,386,297,50,1519,1620,3139,394.45,405.416666666667,799.866666666667,1710,1735,-25,54.4759477540618,76.9628271378563
Ian Clark,203546,-0.387425810714646,-0.454517654556535,-0.841943465271181,280,297,298,77,2238,2334,4572,552.416666666667,587.866666666667,1140.28333333333,2505,2527,-22,54.7900262467192,79.0856073782832
Timothe Luwawu-Cabarrot,1627789,-1.20847154706917,0.358558387568514,-0.849913159500652,372,161,299,69,2355,2370,4725,600.066666666667,580.666666666667,1180.73333333333,2560,2635,-75,54.1798941798942,78.0531872847383
Stephen Zimmerman,1627757,-1.54402865320174,0.676649097013765,-0.867379556187978,394,117,300,19,207,214,421,52.85,53.7333333333333,106.583333333333,219,232,-13,52.0190023752969,73.9702892885067
Trevor Booker,202344,-0.470814292202636,-0.402974094716716,-0.873788386919352,291,289,301,71,3557,3548,7105,864.266666666667,877.15,1741.41666666667,3907,3876,31,54.9894440534835,80.7687227831746
Dragan Bender,1627733,0.802307933110258,-1.67718650408163,-0.874878570971369,88,421,302,43,1138,1151,2289,284.3,288.816666666667,573.116666666667,1305,1210,95,57.0117955439056,81.9728385727164
Mirza Teletovic,203141,-0.321589965174083,-0.561446609892666,-0.883036575066749,263,314,303,70,2118,2175,4293,553.633333333333,572.266666666667,1125.9,2374,2388,-14,55.2993244817144,75.9072741806555
Kyle Anderson,203937,-2.14491653326942,1.26170844730572,-0.883208085963702,417,53,304,72,1923,1931,3854,502.583333333333,501.15,1003.73333333333,1982,2214,-232,51.4270887389725,71.086609989373
Ramon Sessions,201196,-0.531013907298743,-0.357514104838332,-0.888528012137075,304,282,305,50,1648,1611,3259,407.783333333333,403.566666666667,811.35,1809,1764,45,55.5078244860387,80.2662229617305
Rodney Stuckey,201155,-0.248624079300982,-0.650341132912366,-0.898965212213348,251,322,306,39,1366,1346,2712,349.4,348,697.4,1519,1463,56,56.0103244837758,78.4112417550904
Andre Roberson,203460,-0.739739729549172,-0.176510968112293,-0.916250697661466,325,255,307,79,4725,4825,9550,1194.9,1147.21666666667,2342.11666666667,5142,5305,-163,53.8429319371728,79.0361994492162
Spencer Dinwiddie,203915,-0.0324326919227258,-0.893319548731874,-0.925752240654599,204,357,308,59,2657,2687,5344,646.85,676.916666666667,1323.76666666667,2949,2909,40,55.1833832335329,80.1984236899756
Kent Bazemore,203145,-0.885929201296136,-0.0586882385970573,-0.944617439893193,340,237,309,73,3845,3937,7782,931.3,998.933333333333,1930.23333333333,4159,4328,-169,53.443844769982,77.5678242699501
Jerian Grant,1626170,-0.902722521600048,-0.0438830837769726,-0.946605605377021,343,232,310,63,2023,2002,4025,513.4,501.516666666667,1014.91666666667,2185,2167,18,54.2857142857143,77.5039001560062
Zach Randolph,2216,0.295560854270581,-1.26150519173956,-0.965944337468977,153,392,311,73,3319,3439,6758,848.6,937.933333333333,1786.53333333333,3697,3664,33,54.7055341817106,74.4973505485484
Nikola Vucevic,202696,-0.152497775570502,-0.830011376886435,-0.982509152456937,227,351,312,75,4327,4358,8685,1070.6,1064.61666666667,2135.21666666667,4826,4656,170,55.5670696603339,81.366918267467
Tristan Thompson,202684,-0.731641833090846,-0.257953007636103,-0.989594840726949,323,269,313,78,4642,4687,9329,1149.41666666667,1157.6,2307.01666666667,5276,5185,91,56.5548290277629,82.3297043078724
LaMarcus Aldridge,200746,-0.453086756083647,-0.540409549942492,-0.993496306026138,290,309,314,72,4367,4473,8840,1124.58333333333,1183.21666666667,2307.8,4725,5005,-280,53.4502262443439,73.7065603605165
Luol Deng,2736,-0.942558994609531,-0.0571036490955098,-0.999662643705041,351,236,315,56,2946,2978,5924,720.55,741.533333333333,1462.08333333333,3227,3312,-85,54.4733288318704,79.4564833285836
Cody Zeller,203469,-0.936238112783948,-0.063569305102153,-0.999807417886101,350,238,316,62,3246,3421,6667,813.966666666667,877.433333333333,1691.4,3552,3791,-239,53.2773361331933,75.6012770485988
Evan Turner,202323,-0.069246947130795,-0.934853057374229,-1.00410000450502,212,360,317,65,3260,3270,6530,822.516666666667,832.9,1655.41666666667,3656,3588,68,55.9877488514548,79.5062673043041
Michael Carter-Williams,203487,-1.26378185346501,0.259399071243289,-1.00438278222172,379,178,318,45,1653,1673,3326,411.133333333333,426.633333333333,837.766666666667,1773,1827,-54,53.3072760072159,76.1882783591294
Evan Fournier,203095,0.169711459457155,-1.1803904446653,-1.01067898520814,178,389,319,68,4442,4485,8927,1102.43333333333,1102.96666666667,2205.4,4971,4738,233,55.6850005600986,81.1444635893716
Wayne Selden,1627782,-0.169852683292106,-0.883442244956678,-1.05329492824878,230,356,320,14,451,432,883,116.466666666667,115.983333333333,232.45,489,465,24,55.3793884484711,75.7324155732416
Devin Harris,2734,-0.352833454114076,-0.704915231998274,-1.05774868611235,266,331,321,65,2070,2013,4083,565.383333333333,519.833333333333,1085.21666666667,2266,2219,47,55.4984080333088,75.1702425014974
Tony Parker,2225,-0.798541521398911,-0.267679022154102,-1.06622054355301,333,272,322,63,2947,2994,5941,759.866666666667,797.983333333333,1557.85,3155,3320,-165,53.1055377882511,72.9081747279905
Alex Len,203458,0.0463087940581846,-1.13028435691677,-1.08397556285858,189,383,323,77,3206,3189,6395,774.866666666667,765.483333333333,1540.35,3670,3396,274,57.3885848318999,85.7727139935729
Tyler Johnson,204020,-1.50076545080881,0.415961461464529,-1.08480398934428,388,152,324,73,4292,4273,8565,1092.78333333333,1083.15,2175.93333333333,4590,4683,-93,53.5901926444834,75.9398265878244
Jason Terry,1891,-1.04605884295131,-0.047951857540705,-1.09401070049201,359,234,325,74,2566,2572,5138,673.483333333333,691.85,1365.33333333333,2849,2856,-7,55.449591280654,75.1201171875
Marshall Plumlee,1627850,-4.49245188802666,3.35332617341372,-1.13912571461294,448,9,326,20,341,356,697,79.2833333333333,90.65,169.933333333333,338,423,-85,48.493543758967,71.604550804237
Al Jefferson,2744,0.0265224149726088,-1.17149565714032,-1.14497324216771,194,388,327,66,1809,1818,3627,452.816666666667,475.45,928.266666666667,2025,1935,90,55.8312655086849,78.5334673944269
Skal Labissiere,1627746,-0.512916495926492,-0.65519035325365,-1.16810684918014,302,324,328,33,1182,1172,2354,295.916666666667,303.866666666667,599.783333333333,1298,1316,-18,55.1401869158879,77.9081334926501
Kristaps Porzingis,204001,-0.412770748849326,-0.759243511551299,-1.17201426040062,284,341,329,66,4336,4358,8694,1065.41666666667,1060.46666666667,2125.88333333333,4755,4681,74,54.6928916494134,80.5218223013179
Ian Mahinmi,101133,-0.203675990831112,-0.980468361694643,-1.18414435252575,239,365,330,31,1075,1095,2170,278.2,277.833333333333,556.033333333333,1196,1201,-5,55.1152073732719,77.4342065823392
Alec Burks,202692,0.462267820147366,-1.65460805183469,-1.19234023168732,130,419,331,42,1238,1267,2505,314.316666666667,337.916666666667,652.233333333333,1374,1357,17,54.8502994011976,75.8378903255481
Taj Gibson,201959,-0.276302059658951,-0.920630599924677,-1.19693265958363,257,358,332,78,3913,3997,7910,970.716666666667,985.8,1956.51666666667,4276,4281,-5,54.0581542351454,78.6786039815659
Jakob Poeltl,1627751,1.18223006862542,-2.38132358110265,-1.19909351247723,50,435,333,54,1162,1206,2368,301.033333333333,322.05,623.083333333333,1311,1272,39,55.3631756756757,75.7458873879898
Josh Richardson,1626196,-0.194953561851461,-1.01581629990715,-1.21076986175861,238,372,334,53,3136,3172,6308,801.783333333333,799.316666666667,1601.1,3439,3374,65,54.5180722891566,77.3243395165824
Kelly Olynyk,203482,-0.890909523262202,-0.32135335466053,-1.21226287792273,341,276,335,75,2996,3048,6044,764.1,773.133333333333,1537.23333333333,3301,3321,-20,54.6161482461946,77.3051152503415
Willy Hernangomez,1626195,-0.798542122582291,-0.417414878606104,-1.2159570011884,334,292,336,72,2661,2658,5319,658.866666666667,648.95,1307.81666666667,2900,2877,23,54.5215266027449,79.827702659649
Reggie Bullock,203493,-0.174789739189121,-1.05894797642219,-1.23373771561131,234,377,337,31,875,937,1812,226.05,233.766666666667,459.816666666667,967,988,-21,53.3664459161148,75.7084345210047
Ish Smith,202397,-0.730536350464418,-0.503383049739718,-1.23391940020414,322,304,338,81,3813,3933,7746,968.5,982.816666666667,1951.31666666667,4188,4164,24,54.0666150271108,77.2647528591806
Jonathon Simmons,203613,-1.07862329558349,-0.155333008832484,-1.23395630441598,360,251,339,78,2649,2665,5314,688.9,703.583333333333,1392.48333333333,2808,2971,-163,52.8415506210011,72.59548289028
Bobby Portis,1626171,-1.9087940112989,0.669502885130135,-1.23929112616877,409,119,340,64,1984,1943,3927,496.65,497.016666666667,993.666666666667,2083,2149,-66,53.0430353959766,75.4659510231466
Kris Humphries,2743,-1.74556330608157,0.50191047419251,-1.24365283188906,401,139,341,56,1319,1298,2617,338.666666666667,341.066666666667,679.733333333333,1375,1437,-62,52.5410775697363,72.8226755590428
CJ Wilcox,203912,-2.21547920895516,0.966564470403074,-1.24891473855209,420,76,342,22,218,211,429,55.05,50.65,105.7,228,229,-1,53.1468531468532,77.6537369914853
Miles Plumlee,203101,-0.228351627818781,-1.0473635124241,-1.27571514024288,245,375,343,45,936,907,1843,240.55,237.883333333333,478.433333333333,1050,975,75,56.9723277265328,79.0078729185536
Raul Neto,203526,-2.9311799977447,1.60966652967341,-1.32151346807129,434,37,344,39,657,656,1313,171.85,177.183333333333,349.033333333333,675,760,-85,51.4089870525514,69.6208576067233
John Henson,203089,-0.782437220953938,-0.544756773222145,-1.32719399417608,332,311,345,58,2148,2184,4332,541.616666666667,556.05,1097.66666666667,2398,2387,11,55.3554939981533,78.6468266018828
Victor Oladipo,203506,-0.848902911238343,-0.487446331114437,-1.33634924235278,336,300,346,67,4385,4462,8847,1116.66666666667,1063,2179.66666666667,4759,4873,-114,53.7922459590822,78.6010093286435
Malik Beasley,1627736,1.85752841892795,-3.21457857770676,-1.35705015877881,23,443,347,22,336,333,669,78.35,85.8166666666667,164.166666666667,392,354,38,58.5949177877429,85.961421319797
Dejounte Murray,1627749,-1.83011288956997,0.466014745404994,-1.36409814416498,407,145,348,36,602,623,1225,151.866666666667,163.583333333333,315.45,623,700,-77,50.8571428571429,71.0984308131241
Tyler Ulis,1627755,-1.08723930039489,-0.32749665917427,-1.41473595956916,361,278,349,61,2321,2339,4660,553.766666666667,559.866666666667,1113.63333333333,2544,2533,11,54.5922746781116,82.2389176569188
Rudy Gobert,203497,-1.5222825497616,0.0424316816872274,-1.47985086807437,391,214,350,81,5076,5063,10139,1317.68333333333,1385.61666666667,2703.3,5431,5653,-222,53.5654403787356,72.3249361891022
Robin Lopez,201577,-0.851668338104074,-0.632342561489187,-1.48401089959326,337,319,351,81,4463,4503,8966,1106.58333333333,1127.95,2234.53333333333,4824,4828,-4,53.8032567477136,77.7182409451638
Mario Hezonja,1626209,0.580790396428171,-2.09340935190593,-1.51261895547776,113,432,352,65,1853,1866,3719,475.416666666667,477.366666666667,952.783333333333,2078,1912,166,55.8752352783006,78.5152273164588
Alan Williams,1626210,-1.76956597713782,0.222102155244978,-1.54746382189284,402,183,353,47,1469,1511,2980,349.583333333333,357.883333333333,707.466666666667,1578,1660,-82,52.9530201342282,80.2977761025254
Beno Udrih,2757,-2.24867984671799,0.698850145063126,-1.54982970165487,421,113,354,36,1040,1057,2097,273.866666666667,282.083333333333,555.95,1078,1153,-75,51.4067715784454,69.8048385646191
Lance Thomas,202498,0.328592291997159,-1.89599293520655,-1.56740064320939,148,430,355,46,1914,1972,3886,476.2,481.55,957.75,2134,2058,76,54.9150797735461,80.2129992169146
Cristiano Felicio,1626245,-0.477975619741167,-1.09018322623619,-1.56815884597735,292,379,356,66,2019,2021,4040,501.033333333333,535.183333333333,1036.21666666667,2181,2148,33,53.9851485148515,75.7717980473839
Malachi Richardson,1627781,-2.465831104074,0.884087347973056,-1.58174375610094,428,90,357,22,382,357,739,97.8,98.6833333333333,196.483333333333,405,407,-2,54.8037889039242,74.2047671558232
Reggie Williams,202130,-6.24443852164343,4.65089337707591,-1.59354514456753,454,4,358,6,169,150,319,41.0833333333333,38.9333333333333,80.0166666666667,158,184,-26,49.5297805642633,71.0851905852947
David West,2561,0.176768174284716,-1.77346077302298,-1.59669259873827,175,426,359,68,1591,1668,3259,409.966666666667,436.966666666667,846.933333333333,1802,1746,56,55.2930346732127,76.5963476070529
Andrew Harrison,1626150,-0.893603911817652,-0.705054074547606,-1.59865798636526,342,332,360,72,2717,2826,5543,691.183333333333,774.1,1465.28333333333,2932,3020,-88,52.8955439292802,72.0352150323601
Joakim Noah,201149,-1.18698117140351,-0.422754771715269,-1.60973594311877,370,293,361,46,2056,2067,4123,494.116666666667,501.55,995.666666666667,2222,2238,-16,53.8927965073975,80.340140609307
Ronnie Price,101179,-1.8910535270335,0.27656382223542,-1.61448970479808,408,175,362,14,282,276,558,69.3166666666667,64.9166666666667,134.233333333333,294,303,-9,52.6881720430108,78.8477775018624
D.J. Augustin,201571,-0.0611679003666919,-1.56089444053484,-1.62206234090153,211,415,363,78,2949,2998,5947,754.6,771.866666666667,1526.46666666667,3264,3108,156,54.8848158735497,76.9777700135389
Brian Roberts,203148,-0.284172878918678,-1.34655233807878,-1.63072521699746,258,396,364,41,776,768,1544,197.466666666667,214.666666666667,412.133333333333,860,817,43,55.699481865285,75.1213199611776
Kyle O'Quinn,203124,-1.13921244246749,-0.529262017227624,-1.66847445969512,364,307,365,79,2470,2483,4953,610.766666666667,621.516666666667,1232.28333333333,2665,2671,-6,53.8057742782152,77.8554715501035
Jerryd Bayless,201573,4.09694869315389,-5.78278596578762,-1.68583727263372,6,455,366,3,137,142,279,31.9833333333333,39.6,71.5833333333334,162,130,32,58.0645161290323,81.4714784633295
Josh McRoberts,201177,-0.148579676455994,-1.539126034272,-1.68770571072799,226,412,367,22,731,722,1453,185.016666666667,186.583333333333,371.6,797,758,39,54.8520302821748,77.2120559741658
Justin Holiday,203200,-0.914339705918718,-0.778913903503078,-1.6932536094218,345,344,368,82,3299,3299,6598,819.45,828.1,1647.55,3560,3535,25,53.9557441648985,77.788231009681
Michael Kidd-Gilchrist,203077,-0.608996118112547,-1.09247876178848,-1.70147487990102,311,380,369,81,4494,4635,9129,1111.76666666667,1194.31666666667,2306.08333333333,4948,5032,-84,54.2008982363895,77.2426552957757
Jared Dudley,201162,-0.316517024764736,-1.40205068523319,-1.71856770999793,261,399,370,64,2750,2797,5547,674.9,680.9,1355.8,3089,2944,145,55.6877591490896,82.0209470423366
Troy Williams,1627786,-0.669425082573509,-1.07542343265309,-1.7448485152266,317,378,371,29,1076,1102,2178,270.1,275.666666666667,545.766666666667,1176,1177,-1,53.9944903581267,77.5716117999145
Willie Reed,203186,-0.994464631585298,-0.768517190316456,-1.76298182190175,355,342,372,71,2022,2053,4075,513.383333333333,519.633333333333,1033.01666666667,2191,2192,-1,53.7668711656442,76.3550120198125
Wade Baldwin IV,1627735,0.772165809554472,-2.54282269160861,-1.77065688205414,90,437,373,33,789,761,1550,202.016666666667,198.266666666667,400.283333333333,866,768,98,55.8709677419355,77.8848315776325
Trey Lyles,1626168,-1.16477204579773,-0.627282461874307,-1.79205450767204,367,317,374,71,2198,2165,4363,571.05,586.616666666667,1157.66666666667,2343,2370,-27,53.7015814806326,72.860351281313
Joel Embiid,203954,-0.382068677281516,-1.41179145257542,-1.79386012985693,278,402,375,31,1509,1553,3062,380.55,392.133333333333,772.683333333333,1659,1635,24,54.180274330503,77.2942775177412
Paul Pierce,1718,-3.75055762134522,1.94965810931378,-1.80089951203144,442,28,376,25,547,538,1085,142.25,131.166666666667,273.416666666667,564,628,-64,51.9815668202765,74.2602864980189
Anthony Davis,203076,-0.371118646796244,-1.47729706110118,-1.84841570789742,275,408,377,75,5335,5445,10780,1299.93333333333,1379.23333333333,2679.16666666667,5805,5823,-18,53.8497217068646,78.001866251944
Paul Zipser,1627835,-1.33726516082576,-0.542431328856732,-1.87969648968249,382,310,378,44,1640,1660,3300,409.766666666667,423.666666666667,833.433333333333,1750,1783,-33,53.030303030303,75.5909290885094
Timofey Mozgov,202389,-1.18434736346027,-0.704349397480477,-1.88869676094075,369,329,379,54,2177,2212,4389,540.583333333333,548.366666666667,1088.95,2366,2433,-67,53.9074960127592,78.2184673309151
Deyonta Davis,1627738,-2.38824531304494,0.480548467659192,-1.90769684538574,426,141,380,35,461,458,919,120.25,115.6,235.85,472,494,-22,51.3601741022851,72.0457918168327
Bismack Biyombo,202687,-0.619014619694149,-1.29068734674782,-1.90970196644197,312,394,381,81,3445,3499,6944,881.116666666667,899.65,1780.76666666667,3778,3667,111,54.4066820276498,76.376092694158
James Ennis III,203516,-1.26260779778118,-0.676347537732062,-1.93895533551324,378,325,382,64,2837,2880,5717,700.1,788.683333333333,1488.78333333333,3072,3111,-39,53.7344761238412,74.2834753210116
Jon Leuer,202720,-0.49952082167221,-1.43960013353317,-1.93912095520538,299,406,383,75,3689,3874,7563,958.9,968.266666666667,1927.16666666667,4073,4010,63,53.8542906254132,76.0847530917582
Henry Ellenson,1627740,-0.925367787389789,-1.01455240606036,-1.93992019345015,349,371,384,19,278,295,573,69.4666666666667,74.6666666666667,144.133333333333,300,312,-12,52.3560209424084,74.9306197964847
Jeff Green,201145,-1.50560591231246,-0.448637909891117,-1.95424382220357,389,295,385,69,3054,3049,6103,775.533333333333,767.1,1542.63333333333,3274,3243,31,53.6457479927904,76.4044166900754
Dante Exum,203957,-0.976410219862841,-0.983773728284902,-1.96018394814774,353,366,386,66,2276,2286,4562,590.233333333333,623.95,1214.18333333333,2441,2483,-42,53.5072336694432,72.3745727580953
Nicolas Laprovittola,1627879,-0.353017418339448,-1.6081657940349,-1.96118321237434,267,418,387,18,326,326,652,85.4166666666667,87.4333333333333,172.85,348,348,0,53.3742331288344,72.4790280590107
Dwyane Wade,2548,-1.23078396408171,-0.749818023270412,-1.98060198735212,375,339,388,60,3546,3555,7101,867.416666666667,892.983333333333,1760.4,3793,3790,3,53.4150119701451,77.5664621676892
Rakeem Christmas,1626176,-3.14183539709701,1.15272665222888,-1.98910874486813,436,62,389,28,420,445,865,106.8,112.483333333333,219.283333333333,433,504,-71,50.0578034682081,71.0861138557422
Darrun Hilliard,1626199,-1.50808806208195,-0.491624543356461,-1.99971260543841,390,301,390,37,707,723,1430,183.45,187.633333333333,371.083333333333,743,768,-25,51.958041958042,72.0808443745789
Marcus Morris,202694,-0.591664835798988,-1.42311491927871,-2.0147797550777,308,404,391,79,4906,5149,10055,1254.66666666667,1282.56666666667,2537.23333333333,5470,5330,140,54.4007956240676,77.6120971662047
Robert Covington,203496,-1.79618318937007,-0.22985695847139,-2.02604014784146,404,265,392,67,4148,4234,8382,1036.43333333333,1045.28333333333,2081.71666666667,4467,4593,-126,53.2927702219041,77.2497057716788
Isaiah Canaan,203477,-2.03165759822279,-0.00523118084555777,-2.03688877906835,414,222,393,39,1156,1168,2324,287.133333333333,306.383333333333,593.516666666667,1207,1267,-60,51.9363166953529,73.2110864620482
Mike Scott,203118,-3.66737762533508,1.6185270823672,-2.04885054296788,440,36,394,18,375,365,740,97.8666666666667,95.3333333333333,193.2,367,415,-48,49.5945945945946,68.3850931677019
Jahlil Okafor,1626143,-1.24643164316292,-0.811622233732658,-2.05805387689558,377,350,395,50,2218,2218,4436,559.466666666667,558.4,1117.86666666667,2382,2370,12,53.6970243462579,76.7104007633588
Dwight Howard,2730,-1.28323780873895,-0.778423166033849,-2.06166097477279,380,343,396,74,4242,4347,8589,1027.75,1128.43333333333,2156.18333333333,4559,4709,-150,53.0795203166841,76.1178316624282
Noah Vonleh,203943,-0.364145145791501,-1.70795113669002,-2.07209628248152,271,422,397,74,2490,2457,4947,620.133333333333,621.783333333333,1241.91666666667,2741,2670,71,55.4073175662018,79.4546064550762
Aron Baynes,203382,-2.38443193588064,0.261358744436669,-2.12307319144397,425,177,398,75,2217,2270,4487,579.133333333333,584.483333333333,1163.61666666667,2313,2450,-137,51.5489190996211,71.5596487961385
Jrue Holiday,201950,-0.922751738702878,-1.2087789073562,-2.13153064605908,347,390,399,67,4337,4400,8737,1046.73333333333,1116.83333333333,2163.56666666667,4692,4732,-40,53.7026439281218,78.071086323509
Salah Mejri,1626257,-1.42069789321993,-0.807926300858517,-2.22862419407845,384,349,400,73,1662,1615,3277,473.333333333333,425.683333333333,899.016666666667,1780,1778,2,54.3179737564846,71.2778776811702
Danny Green,201980,-2.39477073672301,0.148319015049008,-2.246451721674,427,196,401,68,3409,3422,6831,870.066666666667,902.566666666667,1772.63333333333,3541,3850,-309,51.8372127067779,71.9133492544049
Domantas Sabonis,1627734,-1.47450693352748,-0.78704817509792,-2.2615551086254,386,346,402,81,3160,3184,6344,812.8,773.15,1585.95,3376,3453,-77,53.2156368221942,76.6329329424005
Kevon Looney,1626172,-2.7137733186228,0.438479000274776,-2.27529431834802,433,147,403,53,898,917,1815,223.833333333333,221.5,445.333333333333,945,1020,-75,52.0661157024793,76.3922155688623
Tyreke Evans,201936,-1.82603996115444,-0.500205395095947,-2.32624535625039,406,303,404,40,1539,1516,3055,391.683333333333,391.733333333333,783.416666666667,1617,1679,-62,52.9296235679214,74.3052866716307
Metta World Peace,1897,-4.81011919293661,2.48137267743311,-2.3287465155035,449,21,405,25,298,316,614,78.2,81.0166666666667,159.216666666667,297,370,-73,48.371335504886,67.1537736836596
Jusuf Nurkic,203994,-2.56791268534062,0.229545893872262,-2.33836679146835,430,181,406,65,2772,2835,5607,662.9,700.25,1363.15,2920,3203,-283,52.0777599429285,77.115504529949
Roy Hibbert,201579,-1.72234611992218,-0.628810966699461,-2.35115708662164,400,318,407,48,1391,1351,2742,341.466666666667,335.85,677.316666666667,1482,1476,6,54.0481400437637,78.7696547651271
Wesley Johnson,202325,-0.922872997517272,-1.4511323989965,-2.37400539651377,348,407,408,67,1563,1582,3145,401.166666666667,402.45,803.616666666667,1716,1706,10,54.5627980922099,76.8724723645187
Joe Harris,203925,-0.775136718597712,-1.60561526067552,-2.38075197927323,331,417,409,52,2396,2393,4789,557.333333333333,581.7,1139.03333333333,2629,2556,73,54.8966381290457,83.0915103450294
Aaron Brooks,201166,-1.21824362476797,-1.16305777667135,-2.38130140143933,373,387,410,65,1727,1741,3468,433.55,456.75,890.3,1876,1849,27,54.0945790080738,75.8575760979445
Brandan Wright,201148,-2.16554112995651,-0.238050529532124,-2.40359165948863,418,267,411,28,855,844,1699,210.6,235.233333333333,445.833333333333,902,920,-18,53.0900529723367,72.8343925233645
Shaun Livingston,2733,-1.52834710165675,-0.957432736075254,-2.48577983773201,393,363,412,76,2617,2631,5248,658.433333333333,680.733333333333,1339.16666666667,2887,2809,78,55.0114329268293,77.6094586185439
Tomas Satoransky,203107,-2.08729097910377,-0.398636003517926,-2.4859269826217,416,287,413,57,1394,1381,2775,352.483333333333,366.483333333333,718.966666666667,1492,1500,-8,53.7657657657658,74.7072186934953
Omer Asik,201600,-3.27575437217792,0.765988660634153,-2.50976571154376,438,105,414,31,953,961,1914,232.033333333333,242.483333333333,474.516666666667,961,1073,-112,50.208986415883,72.9078711671526
Jose Calderon,101181,-1.15150473831193,-1.40479164425704,-2.55629638256897,366,400,415,41,1052,1042,2094,260.016666666667,268.85,528.866666666667,1123,1105,18,53.6294173829991,76.4427076767932
Luke Babbitt,202337,-1.69707298062257,-0.928650943009653,-2.62572392363222,398,359,416,68,2021,2081,4102,511.4,523.033333333333,1034.43333333333,2144,2226,-82,52.2671867381765,74.6147649276577
Nemanja Bjelica,202357,-1.14213027296394,-1.48438623126497,-2.62651650422891,365,410,417,65,2326,2322,4648,587.733333333333,606.7,1194.43333333333,2563,2493,70,55.1419965576592,77.2483464962465
Tyler Zeller,203092,-1.61418577887014,-1.01879934230206,-2.6329851211722,396,373,418,51,1063,1072,2135,262.266666666667,263.4,525.666666666667,1146,1149,-3,53.6768149882904,78.4831959416614
Sasha Vujacic,2756,-2.50825539463113,-0.268536162037961,-2.77679155666909,429,273,419,41,810,816,1626,200.25,208.066666666667,408.316666666667,834,890,-56,51.2915129151292,73.5311645373281
Lance Stephenson,202362,-1.80823251004659,-0.97275934141754,-2.78099185146413,405,364,420,18,699,703,1402,177.366666666667,183.333333333333,360.7,741,757,-16,52.8530670470756,73.9561962850014
Terry Rozier,1626179,-1.36857147280508,-1.41466907627488,-2.78324054907996,383,403,421,74,2514,2489,5003,643.166666666667,622.45,1265.61666666667,2713,2649,64,54.2274635218869,77.1702858948866
Kosta Koufos,201585,-1.28765290832195,-1.55814194916048,-2.84579485748243,381,414,422,71,2660,2739,5399,669.2,715.083333333333,1384.28333333333,2935,2976,-41,54.3619188738655,76.3283046582468
Mike Dunleavy,2399,-1.45902802002549,-1.40613436838135,-2.86516238840684,385,401,423,53,1596,1667,3263,403.85,438.666666666667,842.516666666667,1709,1779,-70,52.3751149249157,73.0240746968408
Tarik Black,204028,0.847417458728805,-3.7182505022766,-2.8708330435478,84,446,424,67,2157,2190,4347,531.65,548.333333333333,1079.98333333333,2479,2249,230,57.0278352887049,82.6346085587741
Dewayne Dedmon,203473,-2.03056346456584,-0.847665401237843,-2.87822886580368,413,353,425,76,2531,2528,5059,657.55,656.1,1313.65,2629,2770,-141,51.966791856098,72.0465877516842
Kyle Singler,202713,-1.77155333358676,-1.10834417355997,-2.87989750714673,403,381,426,32,744,782,1526,196.916666666667,185.016666666667,381.933333333333,794,837,-43,52.0314547837484,74.8402862628731
Hollis Thompson,203138,-1.17726842190432,-1.75728879685329,-2.93455721875761,368,424,427,40,1478,1486,2964,367.883333333333,379.516666666667,747.4,1595,1546,49,53.8124156545209,76.8263312817768
Joe Young,1626202,-0.109227373212675,-2.89284426679357,-3.00207164000624,218,440,428,32,269,272,541,62.2833333333333,68.15,130.433333333333,289,279,10,53.4195933456562,79.7648862765142
Sheldon Mac,1627815,0.901615842729827,-4.03343412019123,-3.1318182774614,76,448,429,30,567,557,1124,144.183333333333,140.666666666667,284.85,644,557,87,57.2953736654804,81.390205371248
Delon Wright,1626153,-2.08388699279981,-1.05015596976673,-3.13404296256654,415,376,430,27,831,851,1682,219.533333333333,229.866666666667,449.4,876,926,-50,52.0808561236623,70.173564753004
AJ Hammons,1627773,-1.08815719956869,-2.11797790191364,-3.20613510148233,362,434,431,22,309,322,631,80.5333333333333,80.45,160.983333333333,325,355,-30,51.5055467511886,72.678331090175
Norris Cole,202708,-0.333096278051834,-2.91466956279109,-3.24776584084293,265,441,432,12,236,255,491,63.1833333333333,59.1333333333333,122.316666666667,261,264,-3,53.1568228105906,76.8170050415588
Treveon Graham,1626203,0.265455417497829,-3.74750287867523,-3.4820474611774,160,447,433,27,372,359,731,94.2666666666667,95.7333333333333,190,411,361,50,56.2243502051984,77.8736842105263
Cameron Payne,1626166,-1.03497110870861,-2.45562549094139,-3.49059659965,357,436,434,31,889,922,1811,226.883333333333,230.9,457.783333333333,960,951,9,53.0093870789619,75.4942294389631
Joel Bolomboy,1627762,-4.22614125330314,0.69357243418604,-3.5325688191171,445,114,435,12,106,100,206,25.6333333333333,26.7,52.3333333333333,104,112,-8,50.4854368932039,71.5414012738854
Justise Winslow,1626159,-2.2881805560779,-1.25396152257421,-3.54214207865211,423,391,436,18,1238,1239,2477,311.883333333333,308.8,620.683333333333,1274,1308,-34,51.4331853048042,73.8927526113692
James Michael McAdoo,203949,-1.99150813688029,-1.6574579310632,-3.64896606794349,412,420,437,52,904,897,1801,225.116666666667,227.416666666667,452.533333333333,968,952,16,53.7479178234314,77.0064820271067
Udonis Haslem,2617,-5.34711984621624,1.59947394438731,-3.74764590182892,450,38,438,16,246,259,505,69.7666666666667,64.25,134.016666666667,236,291,-55,46.7326732673267,63.3951001119264
Anthony Brown,1626148,-0.357322265900075,-3.47470012187245,-3.83202238777252,268,444,439,11,313,311,624,75.65,81.4666666666667,157.116666666667,333,309,24,53.3653846153846,76.2999893921714
Alexis Ajinca,201582,-2.27471800825112,-1.57123020431858,-3.8459482125697,422,416,440,39,1164,1215,2379,281.3,299.9,581.2,1217,1291,-74,51.1559478772594,75.3819683413627
Taurean Prince,1627752,-2.69501867358543,-1.35654251551466,-4.05156118910009,432,397,441,59,1924,1914,3838,474.933333333333,499.416666666667,974.35,1986,2032,-46,51.7457008858781,73.3781495355878
Bryn Forbes,1627854,0.139501077761506,-4.2081831108794,-4.0686820331179,184,450,442,36,539,558,1097,137.9,146.016666666667,283.916666666667,580,559,21,52.8714676390155,73.5427061931318
Tim Quarterman,1627817,-5.88616182194393,1.71369563186318,-4.17246619008075,453,33,443,15,160,152,312,42.8833333333333,34.8833333333333,77.7666666666667,150,179,-29,48.0769230769231,69.4384912130305
Christian Wood,1626174,-5.39816991589005,1.01484541511557,-4.38332450077447,451,72,444,13,212,207,419,53.2666666666667,56.1166666666667,109.383333333333,208,230,-22,49.6420047732697,68.4564985524913
Pierre Jackson,203510,0.0128201925178693,-4.46619468804924,-4.45337449553137,197,452,445,9,187,154,341,47.7166666666667,36.5166666666667,84.2333333333333,204,155,49,59.8240469208211,87.186387020182
Fred VanVleet,1627832,-5.40623650461173,0.67530177558644,-4.73093472902529,452,118,446,35,565,581,1146,145.066666666667,148.3,293.366666666667,546,651,-105,47.6439790575916,67.0014771048744
Jake Layman,1627774,-3.24227615848482,-1.54176536813186,-4.78404152661668,437,413,447,35,498,486,984,126.466666666667,118.133333333333,244.6,508,531,-23,51.6260162601626,74.766966475879
Adreian Payne,203940,-3.80295796409402,-1.11443520836298,-4.91739317245701,443,382,448,18,272,273,545,68.9833333333333,66.2166666666667,135.2,279,291,-12,51.1926605504587,74.2899408284024
Ryan Kelly,203527,-1.95529018839282,-3.08967663677881,-5.04496682517163,411,442,449,16,208,211,419,51.8,58.85,110.65,214,216,-2,51.0739856801909,69.6249435155897
Jarell Martin,1626185,-2.3513945474066,-2.72740767346457,-5.07880222087117,424,438,450,42,1084,1081,2165,275.45,283.85,559.3,1129,1087,42,52.1478060046189,72.6694081888075
Andrew Bogut,101106,-1.67146562627367,-4.07261488861207,-5.74408051488574,397,449,451,26,1053,1036,2089,297.75,273.9,571.65,1117,1050,67,53.4705600765917,70.3437418000525
Joel Anthony,201202,-1.2289608828158,-5.05031405193538,-6.27927493475118,374,453,452,19,236,243,479,57.4666666666667,62.9166666666667,120.383333333333,246,239,7,51.356993736952,73.5650006922332
Jared Sullinger,203096,-1.19729391730543,-5.74812947419736,-6.94542339150279,371,454,453,11,217,241,458,52.3166666666667,66.1333333333333,118.45,234,232,2,51.0917030567686,71.1186154495568
Nick Collison,2555,-4.23907324142333,-3.58693634651667,-7.82600958794,447,445,454,20,259,251,510,66.65,60.9666666666667,127.616666666667,258,249,9,50.5882352941176,72.7804623220583
Jarell Eddie,204067,-9.46773875032985,-1.87835940196208,-11.3460981522919,455,428,455,5,135,146,281,30.55,30.6833333333333,61.2333333333333,114,148,-34,40.5693950177936,67.0223189983669
