name,id,gp_total,poss_o,poss_d,poss_total,mp_o,mp_d,mp_total,pts_o,pts_d,pm,pts_o_per100,pts_o_per36
Andrew Wiggins,203952,82,5984,5972,11956,1486.23333333333,1540.08333333333,3026.31666666667,6909,6782,127,57.7868852459016,82.1870370472356
Karl-Anthony Towns,1626157,82,5880,5909,11789,1466.35,1519.71666666667,2986.06666666667,6789,6717,72,57.5875816439053,81.8481391350941
James Harden,201935,81,6026,5953,11979,1452.55,1469.98333333333,2922.53333333333,7134,6877,257,59.5542198847984,87.8771841781103
Giannis Antetokounmpo,203507,80,5393,5417,10810,1404.78333333333,1398.68333333333,2803.46666666667,6186,5960,226,57.2247918593895,79.4359364596214
John Wall,202322,78,5625,5715,11340,1406.75,1393.95,2800.7,6358,6650,-292,56.0670194003527,81.7252829649731
Jimmy Butler,202710,76,5529,5570,11099,1378.2,1403.13333333333,2781.33333333333,6085,5934,151,54.8247589872962,78.7607861936721
Russell Westbrook,201566,81,5629,5796,11425,1407.21666666667,1358.65,2765.86666666667,6224,6429,-205,54.4770240700219,81.0104126494408
Harrison Barnes,203084,79,5170,5111,10281,1443.38333333333,1322.11666666667,2765.5,5677,5780,-103,55.2183639723762,73.9005604773097
CJ McCollum,203468,80,5566,5537,11103,1384.93333333333,1372.75,2757.68333333333,6181,6317,-136,55.6696388363505,80.6894676086812
LeBron James,2544,74,5473,5534,11007,1371.65,1380.11666666667,2751.76666666667,6467,6190,277,58.7535204869629,84.6045570724262
Trevor Ariza,2772,80,5659,5572,11231,1362.86666666667,1377.93333333333,2740.8,6667,6397,270,59.3624788531743,87.5700525394045
Kemba Walker,202689,79,5286,5443,10729,1308.88333333333,1395.53333333333,2704.41666666667,5872,6114,-242,54.7301705657564,78.1654700644008
Rudy Gobert,203497,81,5076,5063,10139,1317.68333333333,1385.61666666667,2703.3,5431,5653,-222,53.5654403787356,72.3249361891022
Devin Booker,1626164,78,5572,5659,11231,1355.9,1343.73333333333,2699.63333333333,6388,6299,89,56.8782833229454,85.1849016533109
Anthony Davis,203076,75,5335,5445,10780,1299.93333333333,1379.23333333333,2679.16666666667,5805,5823,-18,53.8497217068646,78.001866251944
Paul George,202331,75,5193,5216,10409,1335.71666666667,1333.65,2669.36666666667,5884,5915,-31,56.528004611394,79.3536544248948
Damian Lillard,203081,75,5376,5416,10792,1327.65,1336.66666666667,2664.31666666667,6025,6197,-172,55.8283914010378,81.4092418944195
Bradley Beal,203078,77,5297,5352,10649,1323.73333333333,1319.28333333333,2643.01666666667,5934,6214,-280,55.7235421166307,80.825824026838
Jeff Teague,201952,82,5150,5218,10368,1304.75,1326.38333333333,2631.13333333333,5884,5880,4,56.7515432098766,80.5067524767527
Gorgui Dieng,203476,82,5096,5155,10251,1285.11666666667,1332.06666666667,2617.18333333333,5826,5733,93,56.8334796605209,80.1380619113423
Stephen Curry,201939,79,5472,5412,10884,1269.13333333333,1339.73333333333,2608.86666666667,6683,5953,730,61.4020580668872,92.2193545089822
DeMar DeRozan,201942,74,5148,5202,10350,1277.68333333333,1324.86666666667,2602.55,5758,5855,-97,55.6328502415459,79.648037501681
Klay Thompson,202691,78,5275,5373,10648,1270.35,1331.55,2601.9,6261,5862,399,58.7997746055597,86.6274645451401
Nicolas Batum,201587,77,5105,5176,10281,1265.05,1318.8,2583.85,5691,5791,-100,55.3545374963525,79.2909805135747
Otto Porter Jr.,203490,80,5099,5233,10332,1275.66666666667,1285.93333333333,2561.6,5807,5980,-173,56.2040263259776,81.6099312929419
Marcus Morris,202694,79,4906,5149,10055,1254.66666666667,1282.56666666667,2537.23333333333,5470,5330,140,54.4007956240676,77.6120971662047
Tobias Harris,202699,82,4887,5042,9929,1268.15,1268.98333333333,2537.13333333333,5507,5382,125,55.4637929298016,78.140158183777
Isaiah Thomas,202738,76,5075,5185,10260,1255.85,1274.1,2529.95,6060,5758,302,59.0643274853801,86.2309531808929
DeAndre Jordan,201599,81,5008,5083,10091,1256.53333333333,1270.73333333333,2527.26666666667,5859,5529,330,58.0616390843326,83.4593368329421
Marcin Gortat,101162,82,5038,5081,10119,1271.96666666667,1248.56666666667,2520.53333333333,5694,5825,-131,56.2703824488586,81.3256453660601
Carmelo Anthony,2546,74,5125,5177,10302,1248.56666666667,1259.5,2508.06666666667,5687,5617,70,55.2028732284993,81.629409106616
Myles Turner,1626167,81,4889,4903,9792,1253.36666666667,1250.73333333333,2504.1,5551,5506,45,56.6891339869281,79.8035222235534
Kentavious Caldwell-Pope,203484,76,4861,5106,9967,1243.53333333333,1258.71666666667,2502.25,5547,5331,216,55.6536570683255,79.8049755220302
Kyrie Irving,202681,72,5061,5107,10168,1243.81666666667,1257.23333333333,2501.05,5941,5719,222,58.4284028324154,85.514483916755
Marc Gasol,201188,74,4666,4827,9493,1187.75,1306.7,2494.45,5216,5295,-79,54.9457494996313,75.2775160857103
Gordon Hayward,202330,73,4705,4647,9352,1211.01666666667,1274.43333333333,2485.45,5115,5218,-103,54.6941830624465,74.0871874308475
Hassan Whiteside,202355,77,4905,4916,9821,1229.5,1245.66666666667,2475.16666666667,5403,5346,57,55.0147642806232,78.5837990707696
Wesley Matthews,202083,73,4621,4575,9196,1291.23333333333,1173.73333333333,2464.96666666667,5084,5160,-76,55.2849064810787,74.2500912791248
Dennis Schroder,203471,79,4870,4947,9817,1189.61666666667,1256.41666666667,2446.03333333333,5322,5468,-146,54.2120810838342,78.3276324934247
Kawhi Leonard,202695,74,4679,4766,9445,1194.73333333333,1243.96666666667,2438.7,5153,5456,-303,54.5579671784013,76.0683970968139
Ricky Rubio,201937,75,4763,4844,9607,1184.61666666667,1246.25,2430.86666666667,5429,5465,-36,56.5108774851671,80.4009543921235
DeMarcus Cousins,202326,72,4694,4682,9376,1192.35,1238.11666666667,2430.46666666667,5392,5298,94,57.5085324232082,79.8661436761116
Draymond Green,203110,76,5004,4993,9997,1183.43333333333,1244.1,2427.53333333333,5910,5460,450,59.1177353205962,87.644522560624
Goran Dragic,201609,73,4852,4850,9702,1214.68333333333,1210.56666666667,2425.25,5407,5255,152,55.7307771593486,80.2605916915782
Courtney Lee,201584,77,4888,4941,9829,1207.21666666667,1209.53333333333,2416.75,5386,5406,-20,54.7970291993082,80.2300610323782
Marcus Smart,203935,79,4804,4797,9601,1204.65,1196.43333333333,2401.08333333333,5439,5248,191,56.6503489219873,81.548190053101
Elfrid Payton,203901,82,4840,4873,9713,1192.03333333333,1194.31666666667,2386.35,5400,5276,124,55.5955935344384,81.463322647558
Jordan Clarkson,203903,82,4795,4802,9597,1177.91666666667,1202.21666666667,2380.13333333333,5487,5351,136,57.1741169115349,82.9919892443001
Serge Ibaka,201586,79,4695,4742,9437,1188.05,1189.3,2377.35,5232,5140,92,55.4413478859807,79.2277115275412
Andre Drummond,203083,81,4562,4817,9379,1182.21666666667,1193.28333333333,2375.5,5262,4987,275,56.1040622667662,79.744053883393
Steven Adams,203500,80,4749,4864,9613,1196.28333333333,1151.15,2347.43333333333,5167,5364,-197,53.750130032248,79.2405890121125
Andre Roberson,203460,79,4725,4825,9550,1194.9,1147.21666666667,2342.11666666667,5142,5305,-163,53.8429319371728,79.0361994492162
Solomon Hill,203524,80,4697,4758,9455,1140.11666666667,1199.08333333333,2339.2,5117,5181,-64,54.1195134849286,78.75
Eric Gordon,201569,75,4781,4767,9548,1146.23333333333,1175.55,2321.78333333333,5529,5272,257,57.9074151654797,85.7289296302411
Markieff Morris,202693,76,4624,4668,9292,1161.03333333333,1155.33333333333,2316.36666666667,5167,5359,-192,55.6069737408524,80.303348635075
Paul Millsap,200794,69,4595,4617,9212,1135,1179.1,2314.1,5077,5063,14,55.1128962223187,78.9818936087464
LaMarcus Aldridge,200746,72,4367,4473,8840,1124.58333333333,1183.21666666667,2307.8,4725,5005,-280,53.4502262443439,73.7065603605165
Tristan Thompson,202684,78,4642,4687,9329,1149.41666666667,1157.6,2307.01666666667,5276,5185,91,56.5548290277629,82.3297043078724
Michael Kidd-Gilchrist,203077,81,4494,4635,9129,1111.76666666667,1194.31666666667,2306.08333333333,4948,5032,-84,54.2008982363895,77.2426552957757
Tony Snell,203503,80,4456,4505,8961,1147.76666666667,1152.18333333333,2299.95,5141,4992,149,57.3708291485325,80.4695754255527
Jae Crowder,203109,72,4611,4692,9303,1141,1154,2295,5417,5037,380,58.2285284316887,84.9725490196079
Brandon Ingram,1627742,79,4552,4577,9129,1126.91666666667,1137.11666666667,2264.03333333333,5186,5147,39,56.8079745864826,82.4616834263335
Aaron Gordon,203932,80,4547,4632,9179,1123.83333333333,1137.85,2261.68333333333,5196,4964,232,56.6074735810001,82.7065386400984
Mike Conley,201144,69,4239,4400,8639,1075.98333333333,1184.55,2260.53333333333,4754,4889,-135,55.0295173052437,75.7095670638198
Allen Crabbe,203459,79,4479,4438,8917,1136.13333333333,1119.56666666667,2255.7,5098,4992,106,57.1716945160929,81.3618832291528
Marvin Williams,101107,76,4397,4504,8901,1091.65,1158.31666666667,2249.96666666667,4938,4915,23,55.4769127064375,79.0091705062297
Robin Lopez,201577,81,4463,4503,8966,1106.58333333333,1127.95,2234.53333333333,4824,4828,-4,53.8032567477136,77.7182409451638
PJ Tucker,200782,81,4407,4483,8890,1108.28333333333,1121.33333333333,2229.61666666667,4965,4943,22,55.8492688413948,80.1662468137273
Evan Fournier,203095,68,4442,4485,8927,1102.43333333333,1102.96666666667,2205.4,4971,4738,233,55.6850005600986,81.1444635893716
Kyle Lowry,200768,60,4269,4349,8618,1078.8,1121.95,2200.75,4730,4991,-261,54.8851241587375,77.3736226286493
Thaddeus Young,201152,74,4306,4384,8690,1086.26666666667,1113.45,2199.71666666667,4840,4889,-49,55.6962025316456,79.2102013138056
Maurice Harkless,203090,77,4435,4443,8878,1104.3,1088.85,2193.15,4921,5145,-224,55.4291507096193,80.7769646399015
Wilson Chandler,201163,71,4443,4479,8922,1082.76666666667,1105.13333333333,2187.9,5023,5183,-160,56.2990360905627,82.6491155902921
Brook Lopez,201572,75,4587,4593,9180,1084.05,1100.35,2184.4,5055,5060,-5,55.0653594771242,83.3089177806263
Victor Oladipo,203506,67,4385,4462,8847,1116.66666666667,1063,2179.66666666667,4759,4873,-114,53.7922459590822,78.6010093286435
Nik Stauskas,203917,80,4343,4346,8689,1095.66666666667,1082.28333333333,2177.95,4852,4724,128,55.8407181493843,80.200188250419
Tyler Johnson,204020,73,4292,4273,8565,1092.78333333333,1083.15,2175.93333333333,4590,4683,-93,53.5901926444834,75.9398265878244
Jrue Holiday,201950,67,4337,4400,8737,1046.73333333333,1116.83333333333,2163.56666666667,4692,4732,-40,53.7026439281218,78.071086323509
Dwight Howard,2730,74,4242,4347,8589,1027.75,1128.43333333333,2156.18333333333,4559,4709,-150,53.0795203166841,76.1178316624282
Al Horford,201143,68,4261,4404,8665,1070.26666666667,1084.31666666667,2154.58333333333,4947,4790,157,57.0917484131564,82.6572809901373
JJ Redick,200755,78,4307,4359,8666,1069.11666666667,1085.25,2154.36666666667,5095,4786,309,58.7929840756981,85.1387105259086
Jamal Crawford,2037,82,4222,4216,8438,1077.33333333333,1075.86666666667,2153.2,4810,4736,74,57.0040293908509,80.4198402377856
Eric Bledsoe,202339,66,4396,4458,8854,1080.11666666667,1067.93333333333,2148.05,5154,4961,193,58.2109780889993,86.3778776099253
Tim Hardaway Jr.,203501,79,4244,4267,8511,1037.8,1103.51666666667,2141.31666666667,4770,4680,90,56.0451180824815,80.1936503241775
Nikola Vucevic,202696,75,4327,4358,8685,1070.6,1064.61666666667,2135.21666666667,4826,4656,170,55.5670696603339,81.366918267467
Kristaps Porzingis,204001,66,4336,4358,8694,1065.41666666667,1060.46666666667,2125.88333333333,4755,4681,74,54.6928916494134,80.5218223013179
Dario Saric,203967,81,4242,4242,8484,1065.56666666667,1054.5,2120.06666666667,4676,4646,30,55.1155115511551,79.4012766894123
T.J. McConnell,204456,81,4237,4278,8515,1058.2,1058.98333333333,2117.18333333333,4724,4696,28,55.4785672342924,80.3255898166589
Ersan Ilyasova,101141,82,4220,4308,8528,1036.93333333333,1076.98333333333,2113.91666666667,4707,4597,110,55.1946529080675,80.1602081444396
Julius Randle,203944,74,4286,4326,8612,1039.05,1072.51666666667,2111.56666666667,4818,4913,-95,55.9451927542963,82.1418536000127
Mason Plumlee,203486,81,4227,4300,8527,1050.16666666667,1060,2110.16666666667,4803,4996,-193,56.3269614166764,81.9404470420978
Danilo Gallinari,201568,63,4314,4337,8651,1033.7,1067.75,2101.45,4962,4904,58,57.3575309212808,85.0041637916677
James Johnson,201949,76,4124,4068,8192,1055.26666666667,1030.33333333333,2085.6,4540,4370,170,55.419921875,78.3659378596088
Robert Covington,203496,67,4148,4234,8382,1036.43333333333,1045.28333333333,2081.71666666667,4467,4593,-126,53.2927702219041,77.2497057716788
Ryan Anderson,201583,72,4211,4203,8414,1027.78333333333,1051.2,2078.98333333333,4964,4817,147,58.9969099120514,85.9573990492148
Derrick Rose,201565,64,4261,4258,8519,1037.91666666667,1020.53333333333,2058.45,4675,4695,-20,54.8773330203076,81.7605479851345
JaMychal Green,203210,77,3835,3959,7794,988.666666666667,1069.16666666667,2057.83333333333,4235,4329,-94,54.3366692327431,74.0876326233093
Blake Griffin,201933,61,4056,4100,8156,1012.45,1036.4,2048.85,4809,4536,273,58.9627268268759,84.4981330990556
Bojan Bogdanovic,202711,81,4147,4238,8385,1015.23333333333,1029.95,2045.18333333333,4647,4777,-130,55.4203935599285,81.7980458149636
Kevin Durant,201142,62,4187,4245,8432,982.85,1061,2043.85,5057,4691,366,59.9739089184061,89.0730728771681
Darren Collison,201954,68,3886,3951,7837,995.55,1042.75,2038.3,4499,4447,52,57.4071711113947,79.4603345925526
Austin Rivers,203085,74,4016,4047,8063,1018.76666666667,1019.5,2038.26666666667,4579,4485,94,56.7902765719955,80.8745993327664
Jonas Valanciunas,202685,80,3945,4039,7984,990.683333333333,1036.85,2027.53333333333,4393,4534,-141,55.0225450901804,78.0001972840562
T.J. Warren,203933,66,4212,4269,8481,1015.48333333333,1008.21666666667,2023.7,4804,4768,36,56.6442636481547,85.4593072095666
Jameer Nelson,2749,75,4138,4104,8242,992.8,1029.08333333333,2021.88333333333,4760,4649,111,57.752972579471,84.7526645948909
Seth Curry,203552,70,3745,3684,7429,1061.8,950.066666666667,2011.86666666667,4191,4122,69,56.4140530354018,74.9930412883558
Patrick Beverley,201976,67,4127,4095,8222,989.75,1019.68333333333,2009.43333333333,4837,4619,218,58.8299683775237,86.6572665593949
Andre Iguodala,2738,76,4033,4076,8109,977.833333333333,1029.55,2007.38333333333,4764,4412,352,58.7495375508694,85.43659656435
Nikola Jokic,203999,73,4120,4113,8233,986.95,1016.76666666667,2003.71666666667,4835,4717,118,58.7270739706061,86.8685692421583
Cory Joseph,202709,80,3903,3951,7854,969.3,1022.56666666667,1991.86666666667,4419,4367,52,56.2643239113827,79.8667916192516
Lou Williams,101150,81,4087,4108,8195,985.816666666667,1003.63333333333,1989.45,4695,4634,61,57.2910311165345,84.9581542637412
Monta Ellis,101145,74,3845,3866,7711,969.783333333333,1002.41666666667,1972.2,4335,4368,-33,56.2183893139671,79.1299056890782
Matthew Dellavedova,203521,76,3821,3833,7654,978.433333333333,987.933333333333,1966.36666666667,4352,4270,82,56.8591586098772,79.6758827617772
Malcolm Brogdon,1627763,75,3769,3793,7562,980.266666666667,980.983333333333,1961.25,4379,4191,188,57.9079608569162,80.3793499043977
Joe Ingles,204060,82,3671,3676,7347,952.533333333333,1008.16666666667,1960.7,4053,4245,-192,55.1653736218865,74.4162799000357
Taj Gibson,201959,78,3913,3997,7910,970.716666666667,985.8,1956.51666666667,4276,4281,-5,54.0581542351454,78.6786039815659
Ish Smith,202397,81,3813,3933,7746,968.5,982.816666666667,1951.31666666667,4188,4164,24,54.0666150271108,77.2647528591806
Frank Kaminsky,1626163,75,3796,3839,7635,944.416666666667,1005.43333333333,1949.85,4255,4364,-109,55.7301899148658,78.5598892222479
Terrence Ross,203082,78,3904,3940,7844,958.4,987.55,1945.95,4364,4522,-158,55.6348801631821,80.7338318045171
Rodney McGruder,203585,78,3788,3849,7637,959.166666666667,971.2,1930.36666666667,4162,4157,5,54.4978394657588,77.6184144635734
Kent Bazemore,203145,73,3845,3937,7782,931.3,998.933333333333,1930.23333333333,4159,4328,-169,53.443844769982,77.5678242699501
Jon Leuer,202720,75,3689,3874,7563,958.9,968.266666666667,1927.16666666667,4073,4010,63,53.8542906254132,76.0847530917582
Iman Shumpert,202697,76,3712,3852,7564,949.683333333333,964.466666666667,1914.15,4318,4263,55,57.0861977789529,81.2099365253507
Chris Paul,101108,61,3743,3773,7516,942.166666666667,947.816666666667,1889.98333333333,4367,4139,228,58.102714209686,83.1816859055195
Tony Allen,2754,71,3477,3658,7135,890.933333333333,990.4,1881.33333333333,3857,3987,-130,54.0574632095305,73.8051027639972
Kevin Love,201567,60,3809,3759,7568,935.95,926.433333333333,1862.38333333333,4416,4167,249,58.3509513742072,85.3615886453738
Buddy Hield,1627741,82,3694,3712,7406,907.866666666667,949.116666666667,1856.98333333333,4013,4128,-115,54.1857953011072,77.7971441136611
DeMarre Carroll,201960,72,3647,3653,7300,913.35,935.166666666667,1848.51666666667,4032,4089,-57,55.2328767123288,78.5235008249858
Joe Johnson,2207,78,3409,3463,6872,883.483333333333,956.1,1839.58333333333,3697,3950,-253,53.7980209545984,72.3489920724802
Greg Monroe,202328,81,3465,3480,6945,911.416666666667,923.25,1834.66666666667,4011,3984,27,57.7537796976242,78.7042151162791
Rajon Rondo,200765,69,3611,3662,7273,897.85,927.016666666667,1824.86666666667,3890,4027,-137,53.485494293964,76.7398531399554
Avery Bradley,202340,55,3614,3700,7314,897.25,915.083333333333,1812.33333333333,4127,4058,69,56.4260322668854,81.9782968548832
E'Twaun Moore,202734,73,3635,3686,7321,889.716666666667,921.05,1810.76666666667,3939,4091,-152,53.8041251195192,78.3115807300775
Brandon Jennings,201943,81,3652,3652,7304,902.683333333333,895.216666666667,1797.9,4091,3936,155,56.0104052573932,81.9155681628567
Vince Carter,1713,73,3332,3479,6811,851.783333333333,943.683333333333,1795.46666666667,3671,3834,-163,53.8981060049919,73.6053765037873
Zach Randolph,2216,73,3319,3439,6758,848.6,937.933333333333,1786.53333333333,3697,3664,33,54.7055341817106,74.4973505485484
Marco Belinelli,201158,74,3441,3473,6914,864.783333333333,916.433333333333,1781.21666666667,3898,3919,-21,56.3783627422621,78.7821058639694
Bismack Biyombo,202687,81,3445,3499,6944,881.116666666667,899.65,1780.76666666667,3778,3667,111,54.4066820276498,76.376092694158
D'Angelo Russell,1626156,63,3602,3652,7254,878.966666666667,900.3,1779.26666666667,4094,4165,-71,56.4378274055694,82.834126419124
Matt Barnes,2440,74,3403,3456,6859,866.366666666667,909.7,1776.06666666667,3861,3802,59,56.2910045196093,78.2605758042116
Danny Green,201980,68,3409,3422,6831,870.066666666667,902.566666666667,1772.63333333333,3541,3850,-309,51.8372127067779,71.9133492544049
Al-Farouq Aminu,202329,61,3485,3455,6940,891.316666666667,873.95,1765.26666666667,3831,3925,-94,55.2017291066283,78.1275727935345
Patty Mills,201988,80,3427,3482,6909,881.75,882.833333333333,1764.58333333333,3698,4025,-327,53.5243884787958,75.4444391971665
CJ Miles,101139,76,3422,3438,6860,871.816666666667,888.883333333333,1760.7,3928,3762,166,57.2594752186589,80.3135116714943
Dwyane Wade,2548,60,3546,3555,7101,867.416666666667,892.983333333333,1760.4,3793,3790,3,53.4150119701451,77.5664621676892
Jamal Murray,1627750,82,3567,3584,7151,859.35,896.516666666667,1755.86666666667,4022,4085,-63,56.243881974549,82.4618422051788
Gary Harris,203914,57,3584,3592,7176,868.1,885.65,1753.75,4208,4282,-74,58.6399108138239,86.3794725588026
Kyle Korver,2594,67,3398,3525,6923,843.1,906.633333333333,1749.73333333333,3835,4010,-175,55.3950599451105,78.9034519545836
Luc Mbah a Moute,201601,80,3472,3527,6999,861.55,887.7,1749.25,4044,3809,235,57.7796828118303,83.2265256538517
Sean Kilpatrick,203930,70,3619,3590,7209,866.45,878.5,1744.95,4042,3946,96,56.0688028852823,83.3903550244993
Rondae Hollis-Jefferson,1626178,78,3592,3673,7265,860.016666666667,883.033333333333,1743.05,4018,4025,-7,55.3062629043359,82.9855712687531
Trevor Booker,202344,71,3557,3548,7105,864.266666666667,877.15,1741.41666666667,3907,3876,31,54.9894440534835,80.7687227831746
Garrett Temple,202066,65,3292,3291,6583,858.15,863.683333333333,1721.83333333333,3786,3728,58,57.5117727479872,79.1574871745233
Ty Lawson,201951,69,3366,3361,6727,846.016666666667,874.233333333333,1720.25,3727,3839,-112,55.4035974431396,77.9956401685802
Zach LaVine,203897,47,3351,3381,6732,844.716666666667,872.733333333333,1717.45,3859,3718,141,57.3232323232323,80.8896911118228
Jabari Parker,203953,51,3379,3384,6763,853.983333333333,852.033333333334,1706.01666666667,3860,3784,76,57.0752624574893,81.4528970994812
Marquese Chriss,1627737,82,3548,3571,7119,860.6,843.233333333333,1703.83333333333,4082,4012,70,57.3395139766821,86.2478724444879
Raymond Felton,101109,80,3339,3360,6699,849.533333333334,849.45,1698.98333333333,3752,3693,59,56.0083594566353,79.501662759101
Will Barton,203115,60,3446,3421,6867,831.783333333333,861.1,1692.88333333333,3864,3892,-28,56.2691131498471,82.1698679767261
Cody Zeller,203469,62,3246,3421,6667,813.966666666667,877.433333333333,1691.4,3552,3791,-239,53.2773361331933,75.6012770485988
Nikola Mirotic,202703,70,3290,3326,6616,825.333333333333,848.05,1673.38333333333,3653,3575,78,55.214631197098,78.5880899973108
Evan Turner,202323,65,3260,3270,6530,822.516666666667,832.9,1655.41666666667,3656,3588,68,55.9877488514548,79.5062673043041
Gerald Henderson,201945,72,3291,3334,6625,829.833333333333,825.316666666667,1655.15,3726,3584,142,56.2415094339623,81.0415974382986
Justin Holiday,203200,82,3299,3299,6598,819.45,828.1,1647.55,3560,3535,25,53.9557441648985,77.788231009681
Dante Cunningham,201967,66,3296,3289,6585,802.366666666667,834.183333333333,1636.55,3614,3705,-91,54.8823082763857,79.4989459533775
Deron Williams,101114,64,3052,3081,6133,837.8,797.666666666667,1635.46666666667,3416,3452,-36,55.6986792760476,75.1932170226643
Isaiah Whitehead,1627785,73,3363,3331,6694,810.833333333333,813.6,1624.43333333333,3616,3741,-125,54.0185240513893,80.1362526419469
Dorian Finney-Smith,1627827,81,3040,3028,6068,830.916666666667,787.6,1618.51666666667,3325,3396,-71,54.7956493078444,73.9566063576732
Josh Richardson,1626196,53,3136,3172,6308,801.783333333333,799.316666666667,1601.1,3439,3374,65,54.5180722891566,77.3243395165824
Pau Gasol,2200,64,3086,3082,6168,793.133333333333,807.816666666667,1600.95,3349,3553,-204,54.2963683527886,75.3077860020613
Richard Jefferson,2210,79,3080,3203,6283,783.55,815.45,1599,3626,3506,120,57.7112844182715,81.6360225140713
Patrick Patterson,202335,65,3079,3135,6214,780.45,815.216666666667,1595.66666666667,3403,3600,-197,54.7634373994207,76.7754334656361
Kelly Oubre Jr.,1626162,79,3190,3129,6319,796,798.7,1594.7,3536,3514,22,55.9582212375376,79.8244183859033
Domantas Sabonis,1627734,81,3160,3184,6344,812.8,773.15,1585.95,3376,3453,-77,53.2156368221942,76.6329329424005
Thabo Sefolosha,200757,62,3129,3118,6247,777.533333333333,801.533333333333,1579.06666666667,3408,3430,-22,54.5541860092845,77.6965295955417
Amir Johnson,101161,80,3152,3141,6293,784.383333333333,782.633333333333,1567.01666666667,3684,3311,373,58.5412362942953,84.6347092670786
Rodney Hood,203918,59,2953,2926,5879,766,799.166666666667,1565.16666666667,3212,3246,-34,54.6351420309577,73.8783942072197
Arron Afflalo,201167,61,3011,2978,5989,758.366666666667,801.433333333334,1559.8,3495,3347,148,58.3569878109868,80.6641877163739
Tony Parker,2225,63,2947,2994,5941,759.866666666667,797.983333333333,1557.85,3155,3320,-165,53.1055377882511,72.9081747279905
Jeff Green,201145,69,3054,3049,6103,775.533333333333,767.1,1542.63333333333,3274,3243,31,53.6457479927904,76.4044166900754
Alex Len,203458,77,3206,3189,6395,774.866666666667,765.483333333333,1540.35,3670,3396,274,57.3885848318999,85.7727139935729
Nick Young,201156,60,3158,3152,6310,768.866666666667,770.216666666667,1539.08333333333,3565,3567,-2,56.4976228209192,83.387297633873
Kelly Olynyk,203482,75,2996,3048,6044,764.1,773.133333333333,1537.23333333333,3301,3321,-20,54.6161482461946,77.3051152503415
Enes Kanter,202683,72,3023,3102,6125,771.6,762.266666666667,1533.86666666667,3353,3485,-132,54.7428571428571,78.6952364394993
Jerami Grant,203924,80,3078,3096,6174,781.616666666667,750.283333333333,1531.9,3408,3420,-12,55.1992225461613,80.0887786409034
D.J. Augustin,201571,78,2949,2998,5947,754.6,771.866666666667,1526.46666666667,3264,3108,156,54.8848158735497,76.9777700135389
George Hill,201588,49,2844,2870,5714,730.666666666667,788,1518.66666666667,3108,3195,-87,54.3927196359818,73.675153643547
Clint Capela,203991,65,3104,3084,6188,748.783333333333,768.3,1517.08333333333,3661,3445,216,59.1628959276018,86.8745948915133
Shabazz Muhammad,203498,78,2933,2991,5924,740.233333333333,776.183333333333,1516.41666666667,3313,3276,37,55.9250506414585,78.6512062427873
Tim Frazier,204025,65,3012,3046,6058,740.183333333333,772.216666666667,1512.4,3271,3410,-139,53.9947177286233,77.8603544035969
Doug McDermott,203926,66,2968,2999,5967,739.516666666667,764.533333333333,1504.05,3328,3237,91,55.7734204793028,79.6569262989927
Sergio Rodriguez,200771,68,2964,2984,5948,754.433333333333,741.683333333333,1496.11666666667,3276,3245,31,55.0773369199731,78.8280771330222
Langston Galloway,204038,74,2987,2951,5938,738.5,756.783333333333,1495.28333333333,3172,3316,-144,53.4186594813068,76.3681353589621
Wayne Ellington,201961,62,2947,2914,5861,751.15,737.866666666667,1489.01666666667,3286,3168,118,56.0655178297219,79.4457192106648
James Ennis III,203516,64,2837,2880,5717,700.1,788.683333333333,1488.78333333333,3072,3111,-39,53.7344761238412,74.2834753210116
David Lee,101135,79,2807,2889,5696,729.566666666667,747.433333333333,1477,2978,3374,-396,52.2823033707865,72.5849695328368
Anthony Tolliver,201229,65,2831,2803,5634,725.65,748.333333333333,1473.98333333333,3317,3207,110,58.8746893858715,81.0131276925339
Andrew Harrison,1626150,72,2717,2826,5543,691.183333333333,774.1,1465.28333333333,2932,3020,-88,52.8955439292802,72.0352150323601
Luol Deng,2736,56,2946,2978,5924,720.55,741.533333333333,1462.08333333333,3227,3312,-85,54.4733288318704,79.4564833285836
Larry Nance Jr.,1626204,63,2819,2848,5667,706.966666666667,722.266666666667,1429.23333333333,3181,3216,-35,56.1319922357508,80.1240758448586
Sam Dekker,1626155,77,2889,2873,5762,697.5,722.433333333333,1419.93333333333,3304,3242,62,57.3412009718848,83.7673130193906
Glenn Robinson III,203922,69,2764,2834,5598,688.133333333333,721.416666666667,1409.55,3064,3111,-47,54.7338335119686,78.2547621581356
Willie Cauley-Stein,1626161,75,2732,2685,5417,691.333333333333,716.983333333333,1408.31666666667,3015,3041,-26,55.658113346871,77.0707345649061
Dirk Nowitzki,1717,54,2700,2705,5405,734.316666666667,667.616666666667,1401.93333333333,2993,3014,-21,55.3746530989824,76.8567216700747
Jonathon Simmons,203613,78,2649,2665,5314,688.9,703.583333333333,1392.48333333333,2808,2971,-163,52.8415506210011,72.59548289028
Reggie Jackson,202704,52,2633,2842,5475,691.45,700.533333333333,1391.98333333333,3131,2917,214,57.1872146118722,80.9751074605778
Emmanuel Mudiay,1626144,55,2863,2896,5759,681.066666666667,707.85,1388.91666666667,3186,3354,-168,55.3221045320368,82.5794684106318
Channing Frye,101112,74,2641,2800,5441,675.316666666667,712.4,1387.71666666667,3046,3172,-126,55.9823561845249,79.019012046167
Kosta Koufos,201585,71,2660,2739,5399,669.2,715.083333333333,1384.28333333333,2935,2976,-41,54.3619188738655,76.3283046582468
Stanley Johnson,1626169,77,2581,2736,5317,673.233333333333,699.633333333333,1372.86666666667,2880,2900,-20,54.1658830167388,75.5208080415675
Jason Terry,1891,74,2566,2572,5138,673.483333333333,691.85,1365.33333333333,2849,2856,-7,55.449591280654,75.1201171875
Dion Waiters,203079,46,2682,2738,5420,672.883333333333,692.233333333333,1365.11666666667,2910,3017,-107,53.690036900369,76.740693713602
Jusuf Nurkic,203994,65,2772,2835,5607,662.9,700.25,1363.15,2920,3203,-283,52.0777599429285,77.115504529949
Norman Powell,1626181,76,2641,2658,5299,660.783333333333,698.383333333333,1359.16666666667,2953,3033,-80,55.7274957539158,78.2155732679338
Jared Dudley,201162,64,2750,2797,5547,674.9,680.9,1355.8,3089,2944,145,55.6877591490896,82.0209470423366
Shaun Livingston,2733,76,2617,2631,5248,658.433333333333,680.733333333333,1339.16666666667,2887,2809,78,55.0114329268293,77.6094586185439
Dwight Powell,203939,77,2529,2462,4991,689.383333333333,646.7,1336.08333333333,2736,2909,-173,54.8186736125025,73.7199525977671
Jaylen Brown,1627759,78,2601,2646,5247,663.066666666667,663.516666666667,1326.58333333333,2895,2915,-20,55.1743853630646,78.5627237891827
Kris Dunn,1627739,78,2584,2557,5141,657.5,667.65,1325.15,2904,2826,78,56.4870647733904,78.8922008829189
Spencer Dinwiddie,203915,59,2657,2687,5344,646.85,676.916666666667,1323.76666666667,2949,2909,40,55.1833832335329,80.1984236899756
Dewayne Dedmon,203473,76,2531,2528,5059,657.55,656.1,1313.65,2629,2770,-141,51.966791856098,72.0465877516842
Willy Hernangomez,1626195,72,2661,2658,5319,658.866666666667,648.95,1307.81666666667,2900,2877,23,54.5215266027449,79.827702659649
Manu Ginobili,1938,69,2523,2574,5097,642.166666666667,654.983333333333,1297.15,2788,3025,-237,54.6988424563469,77.3757853756312
Kenneth Faried,202702,61,2657,2634,5291,632.133333333333,654.766666666667,1286.9,3036,3013,23,57.3804573804574,84.9296759654985
Marreese Speights,201578,82,2496,2497,4993,641.616666666667,645.266666666667,1286.88333333333,2801,2783,18,56.0985379531344,78.3567533964488
Tyson Chandler,2199,47,2593,2597,5190,650.466666666667,626.616666666667,1277.08333333333,2993,2951,42,57.6685934489403,84.3703752039152
Corey Brewer,201147,82,2550,2548,5098,629.883333333333,643.433333333333,1273.31666666667,2922,2809,113,57.3165947430365,82.6125996413566
Terrence Jones,203093,54,2539,2556,5095,626.016666666667,641.3,1267.31666666667,2711,2816,-105,53.2090284592738,77.0099554176147
Terry Rozier,1626179,74,2514,2489,5003,643.166666666667,622.45,1265.61666666667,2713,2649,64,54.2274635218869,77.1702858948866
Boris Diaw,2564,73,2354,2336,4690,617.816666666667,645.1,1262.91666666667,2643,2561,82,56.3539445628998,75.3398878258001
Randy Foye,200751,69,2575,2629,5204,621.233333333333,637.566666666667,1258.8,2877,2928,-51,55.2843966179862,82.278360343184
Malcolm Delaney,1627098,73,2428,2384,4812,619.866666666667,628.416666666667,1248.28333333333,2622,2627,-5,54.4887780548628,75.6174479618677
Noah Vonleh,203943,74,2490,2457,4947,620.133333333333,621.783333333333,1241.91666666667,2741,2670,71,55.4073175662018,79.4546064550762
Mike Muscala,203488,70,2429,2435,4864,605.95,632.633333333333,1238.58333333333,2605,2736,-131,53.5567434210526,75.7155352216914
Kyle O'Quinn,203124,79,2470,2483,4953,610.766666666667,621.516666666667,1232.28333333333,2665,2671,-6,53.8057742782152,77.8554715501035
Jonas Jerebko,201973,78,2415,2461,4876,622.533333333333,609.7,1232.23333333333,2775,2669,106,56.9114027891715,81.0723077339249
Zaza Pachulia,2585,70,2543,2523,5066,599.4,628.733333333333,1228.13333333333,3028,2776,252,59.7710225029609,88.7590923895343
Caris LeVert,1627747,57,2575,2590,5165,606.583333333333,619.416666666667,1226,2864,2868,-4,55.4501452081317,84.0978792822186
Justin Anderson,1626147,75,2415,2322,4737,633.983333333333,586.566666666667,1220.55,2583,2667,-84,54.5281823939202,76.1853262873295
Dante Exum,203957,66,2276,2286,4562,590.233333333333,623.95,1214.18333333333,2441,2483,-42,53.5072336694432,72.3745727580953
Meyers Leonard,203086,74,2426,2377,4803,617.333333333333,596.116666666667,1213.45,2691,2703,-12,56.0274828232355,79.8351806831761
Nene,2403,67,2483,2461,4944,597.65,607.616666666667,1205.26666666667,2833,2774,59,57.3017799352751,84.6186182864097
Shelvin Mack,202714,55,2267,2216,4483,595.45,606.933333333333,1202.38333333333,2480,2448,32,55.3200981485612,74.2525262326213
Nemanja Bjelica,202357,65,2326,2322,4648,587.733333333333,606.7,1194.43333333333,2563,2493,70,55.1419965576592,77.2483464962465
Yogi Ferrell,1627812,46,2277,2263,4540,618.55,566.4,1184.95,2506,2591,-85,55.1982378854626,76.1348580108866
Troy Daniels,203584,67,2231,2329,4560,570.616666666667,613.4,1184.01666666667,2459,2521,-62,53.9254385964912,74.7658394448276
Timothe Luwawu-Cabarrot,1627789,69,2355,2370,4725,600.066666666667,580.666666666667,1180.73333333333,2560,2635,-75,54.1798941798942,78.0531872847383
JR Smith,2747,41,2336,2413,4749,589.1,590.316666666667,1179.41666666667,2695,2704,-9,56.7487892187829,82.2610047339787
Richaun Holmes,1626158,57,2375,2331,4706,602.15,576.966666666667,1179.11666666667,2701,2606,95,57.3948151296218,82.4651221959942
Justin Hamilton,203120,64,2406,2410,4816,583.816666666667,588.75,1172.56666666667,2703,2598,105,56.125415282392,82.9871791227222
Derrick Favors,202324,50,2175,2168,4343,569.8,597.066666666667,1166.86666666667,2376,2379,-3,54.7087266866222,73.3040050277095
Aron Baynes,203382,75,2217,2270,4487,579.133333333333,584.483333333333,1163.61666666667,2313,2450,-137,51.5489190996211,71.5596487961385
Ben McLemore,203463,61,2244,2201,4445,572.433333333333,586.95,1159.38333333333,2536,2495,41,57.0528683914511,78.7453100067565
Trey Lyles,1626168,71,2198,2165,4363,571.05,586.616666666667,1157.66666666667,2343,2370,-27,53.7015814806326,72.860351281313
Brandon Knight,202688,54,2288,2311,4599,567.65,572.85,1140.5,2766,2372,394,60.143509458578,87.3090749671197
Ian Clark,203546,77,2238,2334,4572,552.416666666667,587.866666666667,1140.28333333333,2505,2527,-22,54.7900262467192,79.0856073782832
Joe Harris,203925,52,2396,2393,4789,557.333333333333,581.7,1139.03333333333,2629,2556,73,54.8966381290457,83.0915103450294
Jeremy Lamb,203087,62,2223,2231,4454,547.25,590.566666666667,1137.81666666667,2471,2470,1,55.4782218230804,78.181312162182
Mirza Teletovic,203141,70,2118,2175,4293,553.633333333333,572.266666666667,1125.9,2374,2388,-14,55.2993244817144,75.9072741806555
Jahlil Okafor,1626143,50,2218,2218,4436,559.466666666667,558.4,1117.86666666667,2382,2370,12,53.6970243462579,76.7104007633588
Tyler Ulis,1627755,61,2321,2339,4660,553.766666666667,559.866666666667,1113.63333333333,2544,2533,11,54.5922746781116,82.2389176569188
John Henson,203089,58,2148,2184,4332,541.616666666667,556.05,1097.66666666667,2398,2387,11,55.3554939981533,78.6468266018828
Timofey Mozgov,202389,54,2177,2212,4389,540.583333333333,548.366666666667,1088.95,2366,2433,-67,53.9074960127592,78.2184673309151
Lucas Nogueira,203512,56,2180,2129,4309,544.966666666667,541.266666666667,1086.23333333333,2326,2479,-153,53.9800417730332,77.0884094884463
Devin Harris,2734,65,2070,2013,4083,565.383333333333,519.833333333333,1085.21666666667,2266,2219,47,55.4984080333088,75.1702425014974
Tarik Black,204028,67,2157,2190,4347,531.65,548.333333333333,1079.98333333333,2479,2249,230,57.0278352887049,82.6346085587741
Jason Smith,201160,74,2138,2098,4236,537.75,536.3,1074.05,2379,2349,30,56.1614730878187,79.7393045016526
Patrick McCaw,1627775,71,2168,2194,4362,530.883333333333,539,1069.88333333333,2419,2426,-7,55.4562127464466,81.3957908183135
Alex Abrines,203518,68,2125,2160,4285,526.916666666667,527.116666666667,1054.03333333333,2376,2432,-56,55.4492415402567,81.1511337402359
Montrezl Harrell,1626149,58,2160,2150,4310,522.75,528.866666666667,1051.61666666667,2529,2486,43,58.677494199536,86.5752729923768
Cristiano Felicio,1626245,66,2019,2021,4040,501.033333333333,535.183333333333,1036.21666666667,2181,2148,33,53.9851485148515,75.7717980473839
Luke Babbitt,202337,68,2021,2081,4102,511.4,523.033333333333,1034.43333333333,2144,2226,-82,52.2671867381765,74.6147649276577
Willie Reed,203186,71,2022,2053,4075,513.383333333333,519.633333333333,1033.01666666667,2191,2192,-1,53.7668711656442,76.3550120198125
Nerlens Noel,203457,51,1938,2046,3984,513.2,518.35,1031.55,2243,2256,-13,56.3002008032129,78.2783190344627
Mindaugas Kuzminskas,1627851,68,2015,2052,4067,505.9,510.366666666667,1016.26666666667,2206,2227,-21,54.2414556183919,78.1448438729992
Jerian Grant,1626170,63,2023,2002,4025,513.4,501.516666666667,1014.91666666667,2185,2167,18,54.2857142857143,77.5039001560062
Brandon Rush,201575,47,2002,1983,3985,498.333333333333,512.733333333333,1011.06666666667,2301,2217,84,57.741530740276,81.929315574311
Kyle Anderson,203937,72,1923,1931,3854,502.583333333333,501.15,1003.73333333333,1982,2214,-232,51.4270887389725,71.086609989373
C.J. Watson,201228,62,1941,1986,3927,500.766666666667,501.216666666667,1001.98333333333,2135,2129,6,54.367201426025,76.7078627389012
Rudy Gay,200752,30,1949,1955,3904,491.116666666667,506.75,997.866666666667,2172,2179,-7,55.6352459016394,78.3591662212721
Joakim Noah,201149,46,2056,2067,4123,494.116666666667,501.55,995.666666666667,2222,2238,-16,53.8927965073975,80.340140609307
Bobby Portis,1626171,64,1984,1943,3927,496.65,497.016666666667,993.666666666667,2083,2149,-66,53.0430353959766,75.4659510231466
Joffrey Lauvergne,203530,70,1945,1950,3895,494.266666666667,487.683333333333,981.95,2159,2098,61,55.4300385109114,79.1527063496105
Taurean Prince,1627752,59,1924,1914,3838,474.933333333333,499.416666666667,974.35,1986,2032,-46,51.7457008858781,73.3781495355878
Denzel Valentine,1627756,57,1910,1884,3794,487.866666666667,485.333333333333,973.2,2060,2091,-31,54.2962572482868,76.2022194821208
Semaj Christon,203902,64,1878,1886,3764,488.233333333333,479.6,967.833333333333,2068,2075,-7,54.9415515409139,76.9223351127949
Leandro Barbosa,2571,67,1924,1911,3835,478.85,481.15,960,2225,2072,153,58.0182529335072,83.4375
Lance Thomas,202498,46,1914,1972,3886,476.2,481.55,957.75,2134,2058,76,54.9150797735461,80.2129992169146
Mario Hezonja,1626209,65,1853,1866,3719,475.416666666667,477.366666666667,952.783333333333,2078,1912,166,55.8752352783006,78.5152273164588
Michael Beasley,201563,56,1811,1809,3620,467.633333333333,461.283333333333,928.916666666667,2037,2075,-38,56.2707182320442,78.943572261595
Al Jefferson,2744,66,1809,1818,3627,452.816666666667,475.45,928.266666666667,2025,1935,90,55.8312655086849,78.5334673944269
Salah Mejri,1626257,73,1662,1615,3277,473.333333333333,425.683333333333,899.016666666667,1780,1778,2,54.3179737564846,71.2778776811702
Aaron Brooks,201166,65,1727,1741,3468,433.55,456.75,890.3,1876,1849,27,54.0945790080738,75.8575760979445
Khris Middleton,203114,29,1614,1659,3273,431.483333333333,445.833333333333,877.316666666667,1910,1845,65,58.3562480904369,78.3753490757803
Lavoy Allen,202730,61,1707,1720,3427,426.216666666667,444.933333333333,871.15,1929,1887,42,56.2882988036183,79.7153188314297
Jeremy Lin,202391,36,1849,1848,3697,433.1,437.9,871,2077,2018,59,56.1806870435488,85.8461538461538
Ron Baker,1627758,52,1646,1696,3342,420.766666666667,427.383333333333,848.15,1804,1845,-41,53.9796529024536,76.5713611979013
David West,2561,68,1591,1668,3259,409.966666666667,436.966666666667,846.933333333333,1802,1746,56,55.2930346732127,76.5963476070529
Mike Dunleavy,2399,53,1596,1667,3263,403.85,438.666666666667,842.516666666667,1709,1779,-70,52.3751149249157,73.0240746968408
Pascal Siakam,1627783,55,1614,1660,3274,410.55,428.183333333333,838.733333333333,1834,1832,2,56.0171044593769,78.7187028058183
Michael Carter-Williams,203487,45,1653,1673,3326,411.133333333333,426.633333333333,837.766666666667,1773,1827,-54,53.3072760072159,76.1882783591294
Juancho Hernangomez,1627823,62,1716,1710,3426,407.233333333333,429.866666666667,837.1,1907,2014,-107,55.6625802685347,82.0117070839804
Paul Zipser,1627835,44,1640,1660,3300,409.766666666667,423.666666666667,833.433333333333,1750,1783,-33,53.030303030303,75.5909290885094
Ramon Sessions,201196,50,1648,1611,3259,407.783333333333,403.566666666667,811.35,1809,1764,45,55.5078244860387,80.2662229617305
Davis Bertans,202722,67,1567,1548,3115,405.15,399.883333333333,805.033333333333,1727,1691,36,55.4414125200642,77.2291002442963
Wesley Johnson,202325,67,1563,1582,3145,401.166666666667,402.45,803.616666666667,1716,1706,10,54.5627980922099,76.8724723645187
Derrick Williams,202682,50,1519,1620,3139,394.45,405.416666666667,799.866666666667,1710,1735,-25,54.4759477540618,76.9628271378563
Spencer Hawes,201150,53,1588,1572,3160,397.05,400.116666666667,797.166666666667,1810,1682,128,57.2784810126582,81.7394940413966
Ed Davis,202334,46,1557,1578,3135,387.483333333333,397.666666666667,785.15,1781,1716,65,56.8102073365231,81.6608291409285
Tyreke Evans,201936,40,1539,1516,3055,391.683333333333,391.733333333333,783.416666666667,1617,1679,-62,52.9296235679214,74.3052866716307
Joel Embiid,203954,31,1509,1553,3062,380.55,392.133333333333,772.683333333333,1659,1635,24,54.180274330503,77.2942775177412
Tyus Jones,1626145,59,1527,1493,3020,385.283333333333,383.85,769.133333333333,1802,1651,151,59.6688741721854,84.3442836092572
J.J. Barea,200826,35,1447,1404,2851,398.783333333333,369,767.783333333333,1592,1583,9,55.8400561206594,74.6460590010203
DeAndre Liggins,202732,61,1482,1495,2977,384.2,375.816666666667,760.016666666667,1676,1674,2,56.2982868659725,79.3877327251595
Hollis Thompson,203138,40,1478,1486,2964,367.883333333333,379.516666666667,747.4,1595,1546,49,53.8124156545209,76.8263312817768
JaVale McGee,201580,77,1587,1568,3155,359.816666666667,381.666666666667,741.483333333333,1979,1669,310,62.7258320126783,96.0830767155926
Jodie Meeks,201975,36,1432,1493,2925,357.5,376.566666666667,734.066666666667,1623,1702,-79,55.4871794871795,79.5949505040414
Tomas Satoransky,203107,57,1394,1381,2775,352.483333333333,366.483333333333,718.966666666667,1492,1500,-8,53.7657657657658,74.7072186934953
Anthony Morrow,201627,49,1435,1454,2889,355.2,358.05,713.25,1632,1516,116,56.4901349948079,82.3722397476341
Alan Williams,1626210,47,1469,1511,2980,349.583333333333,357.883333333333,707.466666666667,1578,1660,-82,52.9530201342282,80.2977761025254
Trey Burke,203504,57,1376,1324,2700,347.65,353.933333333333,701.583333333333,1545,1421,124,57.2222222222222,79.2778239695926
Rodney Stuckey,201155,39,1366,1346,2712,349.4,348,697.4,1519,1463,56,56.0103244837758,78.4112417550904
Kris Humphries,2743,56,1319,1298,2617,338.666666666667,341.066666666667,679.733333333333,1375,1437,-62,52.5410775697363,72.8226755590428
Roy Hibbert,201579,48,1391,1351,2742,341.466666666667,335.85,677.316666666667,1482,1476,6,54.0481400437637,78.7696547651271
Chandler Parsons,202718,34,1234,1252,2486,315.683333333333,341.8,657.483333333333,1407,1372,35,56.5969428801287,77.0392151892317
Alec Burks,202692,42,1238,1267,2505,314.316666666667,337.916666666667,652.233333333333,1374,1357,17,54.8502994011976,75.8378903255481
Omri Casspi,201956,36,1212,1246,2458,316.25,324.75,641,1401,1420,-19,56.9975589910496,78.6833073322933
Darrell Arthur,201589,41,1269,1274,2543,316.166666666667,321.183333333333,637.35,1442,1440,2,56.704679512387,81.4497528830313
Jakob Poeltl,1627751,54,1162,1206,2368,301.033333333333,322.05,623.083333333333,1311,1272,39,55.3631756756757,75.7458873879898
Justise Winslow,1626159,18,1238,1239,2477,311.883333333333,308.8,620.683333333333,1274,1308,-34,51.4331853048042,73.8927526113692
Ivica Zubac,1627826,38,1254,1252,2506,302.5,301.366666666667,603.866666666667,1372,1455,-83,54.7486033519553,81.7928902627512
Skal Labissiere,1627746,33,1182,1172,2354,295.916666666667,303.866666666667,599.783333333333,1298,1316,-18,55.1401869158879,77.9081334926501
Isaiah Canaan,203477,39,1156,1168,2324,287.133333333333,306.383333333333,593.516666666667,1207,1267,-60,51.9363166953529,73.2110864620482
Alexis Ajinca,201582,39,1164,1215,2379,281.3,299.9,581.2,1217,1291,-74,51.1559478772594,75.3819683413627
Tyler Ennis,203898,53,1097,1151,2248,281.883333333333,297.433333333333,579.316666666667,1224,1314,-90,54.4483985765125,76.0620271008947
Brandon Bass,101138,52,1139,1114,2253,292.333333333333,283.266666666667,575.6,1274,1319,-45,56.5468264536174,79.6803335649757
Marcus Thornton,201977,33,1111,1143,2254,281.116666666667,292.266666666667,573.383333333333,1356,1212,144,60.1597160603372,85.1367613289539
Dragan Bender,1627733,43,1138,1151,2289,284.3,288.816666666667,573.116666666667,1305,1210,95,57.0117955439056,81.9728385727164
Andrew Bogut,101106,26,1053,1036,2089,297.75,273.9,571.65,1117,1050,67,53.4705600765917,70.3437418000525
Jarell Martin,1626185,42,1084,1081,2165,275.45,283.85,559.3,1129,1087,42,52.1478060046189,72.6694081888075
Quincy Acy,203112,38,1131,1101,2232,275,283.283333333333,558.283333333333,1235,1250,-15,55.331541218638,79.6369824163358
Thomas Robinson,203080,47,1102,1098,2200,277.233333333333,279.633333333333,556.866666666667,1264,1221,43,57.4545454545455,81.7143541242667
Ian Mahinmi,101133,31,1075,1095,2170,278.2,277.833333333333,556.033333333333,1196,1201,-5,55.1152073732719,77.4342065823392
Beno Udrih,2757,36,1040,1057,2097,273.866666666667,282.083333333333,555.95,1078,1153,-75,51.4067715784454,69.8048385646191
Kevin Seraphin,202338,47,1069,1108,2177,269.433333333333,284.966666666667,554.4,1202,1222,-20,55.2135966926964,78.0519480519481
Troy Williams,1627786,29,1076,1102,2178,270.1,275.666666666667,545.766666666667,1176,1177,-1,53.9944903581267,77.5716117999145
Thon Maker,1627748,56,1025,1043,2068,268.916666666667,272.433333333333,541.35,1183,1159,24,57.2050290135397,78.6699916874481
Derrick Jones Jr.,1627884,32,1117,1132,2249,270.266666666667,268.2,538.466666666667,1284,1188,96,57.0920409070698,85.8437538690108
Gerald Green,101123,47,1077,1063,2140,271.15,265.45,536.6,1182,1173,9,55.2336448598131,79.2992918374953
Jose Calderon,101181,41,1052,1042,2094,260.016666666667,268.85,528.866666666667,1123,1105,18,53.6294173829991,76.4427076767932
Cole Aldrich,202332,62,1013,1029,2042,256.683333333333,269.966666666667,526.65,1171,1146,25,57.3457394711068,80.0455710623754
Tyler Zeller,203092,51,1063,1072,2135,262.266666666667,263.4,525.666666666667,1146,1149,-3,53.6768149882904,78.4831959416614
Nicolas Brussino,1627852,54,986,975,1961,261.1,250.966666666667,512.066666666667,1068,1169,-101,54.4620091789903,75.0839734409582
Shabazz Napier,203894,52,976,935,1911,261.433333333333,247.916666666667,509.35,1106,1128,-22,57.8754578754579,78.1702169431629
KJ McDaniels,203909,49,1003,1024,2027,248.633333333333,257.55,506.183333333333,1124,1142,-18,55.4514060187469,79.9394158901584
Miles Plumlee,203101,45,936,907,1843,240.55,237.883333333333,478.433333333333,1050,975,75,56.9723277265328,79.0078729185536
Omer Asik,201600,31,953,961,1914,232.033333333333,242.483333333333,474.516666666667,961,1073,-112,50.208986415883,72.9078711671526
Donatas Motiejunas,202700,34,941,946,1887,230.933333333333,241.566666666667,472.5,1022,1136,-114,54.1600423953365,77.8666666666667
Okaro White,1627855,35,897,929,1826,233.516666666667,238.483333333333,472,1043,993,50,57.1193866374589,79.5508474576271
Reggie Bullock,203493,31,875,937,1812,226.05,233.766666666667,459.816666666667,967,988,-21,53.3664459161148,75.7084345210047
Cameron Payne,1626166,31,889,922,1811,226.883333333333,230.9,457.783333333333,960,951,9,53.0093870789619,75.4942294389631
Luis Scola,2449,36,935,931,1866,225.866666666667,231.366666666667,457.233333333333,1054,1046,8,56.4844587352626,82.9860756725232
Rashad Vaughn,1626173,41,862,861,1723,228.2,227.733333333333,455.933333333333,966,941,25,56.0650029019153,76.2743091095189
James Michael McAdoo,203949,52,904,897,1801,225.116666666667,227.416666666667,452.533333333333,968,952,16,53.7479178234314,77.0064820271067
Delon Wright,1626153,27,831,851,1682,219.533333333333,229.866666666667,449.4,876,926,-50,52.0808561236623,70.173564753004
Brandan Wright,201148,28,855,844,1699,210.6,235.233333333333,445.833333333333,902,920,-18,53.0900529723367,72.8343925233645
Kevon Looney,1626172,53,898,917,1815,223.833333333333,221.5,445.333333333333,945,1020,-75,52.0661157024793,76.3922155688623
Jordan Crawford,202348,19,877,865,1742,225.966666666667,216.683333333333,442.65,1040,1011,29,59.7014925373134,84.5814977973568
Jeff Withey,203481,49,846,831,1677,209.466666666667,221.716666666667,431.183333333333,938,933,5,55.933214072749,78.3147153183101
Brian Roberts,203148,41,776,768,1544,197.466666666667,214.666666666667,412.133333333333,860,817,43,55.699481865285,75.1213199611776
David Nwaba,1628021,20,794,798,1592,204.133333333333,205.1,409.233333333333,926,865,61,58.1658291457287,81.4596399771931
Sasha Vujacic,2756,41,810,816,1626,200.25,208.066666666667,408.316666666667,834,890,-56,51.2915129151292,73.5311645373281
Wade Baldwin IV,1627735,33,789,761,1550,202.016666666667,198.266666666667,400.283333333333,866,768,98,55.8709677419355,77.8848315776325
Toney Douglas,201962,24,734,802,1536,186.483333333333,211.116666666667,397.6,862,860,2,56.1197916666667,78.0482897384306
Kyle Singler,202713,32,744,782,1526,196.916666666667,185.016666666667,381.933333333333,794,837,-43,52.0314547837484,74.8402862628731
Kay Felder,1627770,42,705,768,1473,183.983333333333,194,377.983333333333,785,853,-68,53.2926001357773,74.7652012875347
Jordan McRae,203895,37,732,772,1504,193.45,184.316666666667,377.766666666667,812,877,-65,53.9893617021277,77.3810994441013
James Jones,2592,48,689,749,1438,187.25,188.433333333333,375.683333333333,749,886,-137,52.086230876217,71.7732132558449
Josh McRoberts,201177,22,731,722,1453,185.016666666667,186.583333333333,371.6,797,758,39,54.8520302821748,77.2120559741658
Darrun Hilliard,1626199,37,707,723,1430,183.45,187.633333333333,371.083333333333,743,768,-25,51.958041958042,72.0808443745789
DeAndre' Bembry,1627761,37,720,712,1432,183.25,186.816666666667,370.066666666667,756,795,-39,52.7932960893855,73.5435056746532
Lance Stephenson,202362,18,699,703,1402,177.366666666667,183.333333333333,360.7,741,757,-16,52.8530670470756,73.9561962850014
Georgios Papagiannis,1627834,22,707,651,1358,186.1,170.216666666667,356.316666666667,775,792,-17,57.0692194403535,78.3011366294027
Raul Neto,203526,39,657,656,1313,171.85,177.183333333333,349.033333333333,675,760,-85,51.4089870525514,69.6208576067233
Andrew Nicholson,203094,38,669,661,1330,168.766666666667,175.55,344.316666666667,778,689,89,58.4962406015038,81.3437242848153
Maurice Ndour,1626254,32,634,649,1283,162.2,164.333333333333,326.533333333333,681,717,-36,53.078721745908,75.0796243364639
Dejounte Murray,1627749,36,602,623,1225,151.866666666667,163.583333333333,315.45,623,700,-77,50.8571428571429,71.0984308131241
Pat Connaughton,1626192,38,615,595,1210,156.866666666667,155.383333333333,312.25,694,678,16,57.3553719008265,80.0128102481986
Damjan Rudez,204014,44,594,616,1210,153.333333333333,155.983333333333,309.316666666667,668,651,17,55.2066115702479,77.7455681879412
Alan Anderson,101187,30,598,601,1199,152.866666666667,156.083333333333,308.95,663,694,-31,55.2960800667223,77.2552192911474
Chasson Randle,1626184,26,583,605,1188,147.983333333333,149.45,297.433333333333,652,680,-28,54.8821548821549,78.9151630617505
Fred VanVleet,1627832,35,565,581,1146,145.066666666667,148.3,293.366666666667,546,651,-105,47.6439790575916,67.0014771048744
Boban Marjanovic,1626246,34,555,592,1147,141.35,150.216666666667,291.566666666667,610,633,-23,53.1822144725371,75.31725162913
Sheldon Mac,1627815,30,567,557,1124,144.183333333333,140.666666666667,284.85,644,557,87,57.2953736654804,81.390205371248
Bryn Forbes,1627854,36,539,558,1097,137.9,146.016666666667,283.916666666667,580,559,21,52.8714676390155,73.5427061931318
Paul Pierce,1718,25,547,538,1085,142.25,131.166666666667,273.416666666667,564,628,-64,51.9815668202765,74.2602864980189
Anthony Bennett,203461,23,561,557,1118,130.2,133.5,263.7,656,652,4,58.6762075134168,89.556313993174
Jake Layman,1627774,35,498,486,984,126.466666666667,118.133333333333,244.6,508,531,-23,51.6260162601626,74.766966475879
Marcelo Huertas,1626273,22,471,456,927,121.016666666667,115.5,236.516666666667,559,514,45,60.302049622438,85.0849129730111
Deyonta Davis,1627738,35,461,458,919,120.25,115.6,235.85,472,494,-22,51.3601741022851,72.0457918168327
Shawn Long,1627848,17,479,493,972,120.233333333333,115.183333333333,235.416666666667,539,564,-25,55.4526748971194,82.4240707964602
Wayne Selden,1627782,14,451,432,883,116.466666666667,115.983333333333,232.45,489,465,24,55.3793884484711,75.7324155732416
Jonathan Gibson,1626780,17,433,439,872,113.016666666667,117.866666666667,230.883333333333,466,542,-76,53.4403669724771,72.6600736302606
Rakeem Christmas,1626176,28,420,445,865,106.8,112.483333333333,219.283333333333,433,504,-71,50.0578034682081,71.0861138557422
James Young,203923,29,436,436,872,111.383333333333,107.233333333333,218.616666666667,451,515,-64,51.7201834862385,74.2669817793703
Archie Goodwin,203462,15,421,425,846,107.283333333333,106.666666666667,213.95,504,448,56,59.5744680851064,84.8048609488198
Briante Weber,1627362,20,365,386,751,93.3833333333333,110.683333333333,204.066666666667,437,418,19,58.1890812250333,77.0924534465861
Malachi Richardson,1627781,22,382,357,739,97.8,98.6833333333333,196.483333333333,405,407,-2,54.8037889039242,74.2047671558232
Mike Scott,203118,18,375,365,740,97.8666666666667,95.3333333333333,193.2,367,415,-48,49.5945945945946,68.3850931677019
Cheick Diallo,1627767,16,392,380,772,97.3333333333333,93.9333333333333,191.266666666667,426,461,-35,55.1813471502591,80.1812478215406
Treveon Graham,1626203,27,372,359,731,94.2666666666667,95.7333333333333,190,411,361,50,56.2243502051984,77.8736842105263
Quinn Cook,1626188,13,331,346,677,90.3166666666667,89.4666666666667,179.783333333333,392,422,-30,57.9025110782866,78.494484101233
Nicolas Laprovittola,1627879,18,326,326,652,85.4166666666667,87.4333333333333,172.85,348,348,0,53.3742331288344,72.4790280590107
Marshall Plumlee,1627850,20,341,356,697,79.2833333333333,90.65,169.933333333333,338,423,-85,48.493543758967,71.604550804237
Malik Beasley,1627736,22,336,333,669,78.35,85.8166666666667,164.166666666667,392,354,38,58.5949177877429,85.961421319797
AJ Hammons,1627773,22,309,322,631,80.5333333333333,80.45,160.983333333333,325,355,-30,51.5055467511886,72.678331090175
Metta World Peace,1897,25,298,316,614,78.2,81.0166666666667,159.216666666667,297,370,-73,48.371335504886,67.1537736836596
Anthony Brown,1626148,11,313,311,624,75.65,81.4666666666667,157.116666666667,333,309,24,53.3653846153846,76.2999893921714
Alex Poythress,1627816,6,307,324,631,77.7833333333333,78.75,156.533333333333,357,357,0,56.5768621236133,82.1039182282794
Mike Miller,2034,19,292,304,596,68.7,80.8,149.5,332,357,-25,55.7046979865772,79.9464882943144
Henry Ellenson,1627740,19,278,295,573,69.4666666666667,74.6666666666667,144.133333333333,300,312,-12,52.3560209424084,74.9306197964847
Jordan Mickey,1626175,23,279,277,556,65.9833333333333,74.5833333333334,140.566666666667,287,355,-68,51.6187050359712,73.5024899217453
Adreian Payne,203940,18,272,273,545,68.9833333333333,66.2166666666667,135.2,279,291,-12,51.1926605504587,74.2899408284024
Ronnie Price,101179,14,282,276,558,69.3166666666667,64.9166666666667,134.233333333333,294,303,-9,52.6881720430108,78.8477775018624
Udonis Haslem,2617,16,246,259,505,69.7666666666667,64.25,134.016666666667,236,291,-55,46.7326732673267,63.3951001119264
Joe Young,1626202,32,269,272,541,62.2833333333333,68.15,130.433333333333,289,279,10,53.4195933456562,79.7648862765142
Nick Collison,2555,20,259,251,510,66.65,60.9666666666667,127.616666666667,258,249,9,50.5882352941176,72.7804623220583
Bobby Brown,201628,23,256,264,520,60.6166666666667,61.85,122.466666666667,284,309,-25,54.6153846153846,83.4839412084921
Norris Cole,202708,12,236,255,491,63.1833333333333,59.1333333333333,122.316666666667,261,264,-3,53.1568228105906,76.8170050415588
Joel Anthony,201202,19,236,243,479,57.4666666666667,62.9166666666667,120.383333333333,246,239,7,51.356993736952,73.5650006922332
Jared Sullinger,203096,11,217,241,458,52.3166666666667,66.1333333333333,118.45,234,232,2,51.0917030567686,71.1186154495568
Jarrod Uthoff,1627784,9,223,221,444,58.2333333333333,55.6166666666667,113.85,219,269,-50,49.3243243243243,69.2490118577075
Chris Andersen,2365,12,210,238,448,55.55,57.5,113.05,265,258,7,59.1517857142857,84.3874391862008
Ryan Kelly,203527,16,208,211,419,51.8,58.85,110.65,214,216,-2,51.0739856801909,69.6249435155897
Christian Wood,1626174,13,212,207,419,53.2666666666667,56.1166666666667,109.383333333333,208,230,-22,49.6420047732697,68.4564985524913
Stephen Zimmerman,1627757,19,207,214,421,52.85,53.7333333333333,106.583333333333,219,232,-13,52.0190023752969,73.9702892885067
CJ Wilcox,203912,22,218,211,429,55.05,50.65,105.7,228,229,-1,53.1468531468532,77.6537369914853
Gary Payton II,1627780,6,188,182,370,50.6833333333333,48.15,98.8333333333333,193,216,-23,52.1621621621622,70.3001686340641
Anderson Varejao,2760,14,187,192,379,43.7666666666667,48.6666666666667,92.4333333333333,191,228,-37,50.3957783641161,74.388748647674
Georges Niang,1627777,22,179,194,373,41.3833333333333,48.7,90.0833333333333,184,218,-34,49.3297587131367,73.531914893617
Alonzo Gee,202087,12,176,192,368,43.3833333333333,45.4666666666667,88.85,203,211,-8,55.1630434782609,82.2509848058526
Damian Jones,1627745,10,149,158,307,43.2166666666667,41.8166666666667,85.0333333333333,148,197,-49,48.2084690553746,62.6577812622501
Pierre Jackson,203510,9,187,154,341,47.7166666666667,36.5166666666667,84.2333333333333,204,155,49,59.8240469208211,87.186387020182
Johnny O'Bryant III,203948,11,149,164,313,36.0666666666667,46.95,83.0166666666667,197,187,10,62.9392971246007,85.4286287893997
Reggie Williams,202130,6,169,150,319,41.0833333333333,38.9333333333333,80.0166666666667,158,184,-26,49.5297805642633,71.0851905852947
Chris McCullough,1626191,16,162,165,327,37.8166666666667,40.4833333333333,78.3,181,196,-15,55.3516819571865,83.2183908045977
Tim Quarterman,1627817,15,160,152,312,42.8833333333333,34.8833333333333,77.7666666666667,150,179,-29,48.0769230769231,69.4384912130305
Tiago Splitter,201168,8,153,166,319,36.7666666666667,39.7166666666667,76.4833333333333,188,167,21,58.9341692789969,88.4898670734365
Daniel Ochefu,1627849,19,147,150,297,36.05,39.2333333333333,75.2833333333333,184,162,22,61.952861952862,87.9876023909675
Jerryd Bayless,201573,3,137,142,279,31.9833333333333,39.6,71.5833333333334,162,130,32,58.0645161290323,81.4714784633295
Jarell Eddie,204067,5,135,146,281,30.55,30.6833333333333,61.2333333333333,114,148,-34,40.5693950177936,67.0223189983669
Joel Bolomboy,1627762,12,106,100,206,25.6333333333333,26.7,52.3333333333333,104,112,-8,50.4854368932039,71.5414012738854
Isaiah Taylor,1627819,4,104,115,219,26.25,25.3333333333333,51.5833333333334,117,140,-23,53.4246575342466,81.654281098546
Chinanu Onuaku,1627778,5,98,112,210,24.6,26.9833333333333,51.5833333333333,112,149,-37,53.3333333333333,78.1647819063005
Axel Toupane,1626253,4,90,88,178,22.3666666666667,25.3833333333333,47.75,105,89,16,58.9887640449438,79.1623036649215
Marcus Georges-Hunt,1627875,5,95,97,192,22.6,24.9666666666667,47.5666666666667,112,95,17,58.3333333333333,84.7652417659426
Jordan Hill,201941,7,93,82,175,24.7,20.7,45.4,98,83,15,56,77.7092511013216
Kyle Wiltjer,1627787,14,88,90,178,21.0666666666667,22.2333333333333,43.3,89,110,-21,50,73.9953810623557
Patricio Garino,1627868,5,79,85,164,18.8,23.7333333333333,42.5333333333333,98,80,18,59.7560975609756,82.9467084639498
Lamar Patterson,203934,5,74,79,153,17.5,23.4,40.9,75,70,5,49.0196078431373,66.0146699266504
Bruno Caboclo,203998,8,71,82,153,18.0833333333333,21.75,39.8333333333333,75,79,-4,49.0196078431373,67.7824267782427
Greivis Vasquez,202349,3,86,76,162,21.0333333333333,17.9166666666667,38.95,102,72,30,62.962962962963,94.2747111681643
Jordan Farmar,200770,2,63,70,133,15.7166666666667,19.45,35.1666666666667,82,86,-4,61.6541353383459,83.9431279620853
Jarrett Jack,101127,2,60,62,122,14.4333333333333,18.75,33.1833333333333,60,68,-8,49.1803278688525,65.0929181315922
Josh Huestis,203962,2,69,66,135,16.5666666666667,14.7,31.2666666666667,72,79,-7,53.3333333333333,82.8997867803838
Michael Gbinije,1627771,9,61,72,133,13.6166666666667,17.4333333333333,31.05,71,70,1,53.3834586466166,82.3188405797101
Arinze Onuaku,202620,8,52,50,102,14.1166666666667,13.5833333333333,27.7,63,47,16,61.7647058823529,81.8772563176895
Justin Harper,202712,3,54,60,114,13.4833333333333,14.05,27.5333333333333,50,71,-21,43.859649122807,65.3753026634383
Edy Tavares,204002,2,52,53,105,13.2833333333333,14.0333333333333,27.3166666666667,54,50,4,51.4285714285714,71.1653447223917
Mike Tobey,1627861,2,49,40,89,12.4166666666667,12.8833333333333,25.3,53,32,21,59.5505617977528,75.4150197628459
Manny Harris,202412,4,60,45,105,14.2333333333333,10.1333333333333,24.3666666666667,41,66,-25,39.0476190476191,60.5745554035568
Diamond Stone,1627754,7,48,46,94,12.3333333333333,11.85,24.1833333333333,45,45,0,47.8723404255319,66.9882839421089
Elijah Millsap,202407,2,46,41,87,11.45,11.45,22.9,46,40,6,52.8735632183908,72.3144104803494
Steve Novak,200779,8,36,35,71,10.6333333333333,10.8833333333333,21.5166666666667,40,46,-6,56.3380281690141,66.9248644461658
Gary Neal,202390,2,38,33,71,9.28333333333333,8.33333333333333,17.6166666666667,31,38,-7,43.6619718309859,63.3491012298959
Aaron Harrison,1626151,5,34,31,65,8.86666666666667,7.65,16.5166666666667,32,29,3,49.2307692307692,69.7477295660949
Demetrius Jackson,1627743,3,37,34,71,7.03333333333333,8.63333333333333,15.6666666666667,36,42,-6,50.7042253521127,82.7234042553191
John Jenkins,203098,4,25,29,54,5.26666666666667,6.96666666666667,12.2333333333333,34,33,1,62.962962962963,100.054495912807
Dahntay Jones,2563,1,23,23,46,6.2,5.73333333333333,11.9333333333333,22,26,-4,47.8260869565218,66.3687150837989
Larry Sanders,202336,5,20,25,45,4.93333333333334,6.63333333333333,11.5666666666667,22,31,-9,48.8888888888889,68.4726224783861
John Lucas III,101249,5,22,20,42,6.13333333333333,4.6,10.7333333333333,21,23,-2,50,70.4347826086957
Ben Bentil,1627791,3,19,21,40,4.68333333333333,5.66666666666667,10.35,19,33,-14,47.5,66.0869565217391
RJ Hunter,1626154,3,21,20,41,4.36666666666667,4.86666666666667,9.23333333333333,5,15,-10,12.1951219512195,19.4945848375451
Brice Johnson,1627744,3,16,17,33,4.81666666666667,3.78333333333333,8.6,17,22,-5,51.5151515151515,71.1627906976744
Jarnell Stokes,203950,2,16,13,29,3.2,3.33333333333333,6.53333333333333,17,13,4,58.6206896551724,93.6734693877552
Danuel House Jr.,1627863,1,1,1,2,0.483333333333333,0.316666666666667,0.8,0,0,0,0,0
